0.0562084 0.801919 
0.983813 0.0510626 
0.239803 0.104699 
0.534797 0.521407 
0.329979 0.317638 
0.977858 0.735087 
0.953617 0.0494682 
0.572538 0.0608454 
0.811628 0.979186 
0.225825 0.406369 
0.619046 0.754556 
0.915988 0.0364922 
0.830576 0.903643 
0.175992 0.566783 
0.328182 0.394569 
0.464552 0.183268 
0.2575 0.610549 
0.196504 0.141293 
0.669344 0.801833 
0.155896 0.471428 
0.255728 0.993978 
0.698761 0.847351 
0.0693813 0.191786 
0.00814663 0.439653 
0.389613 0.135657 
0.249231 0.461392 
0.698389 0.206857 
0.182262 0.394393 
0.142462 0.715652 
0.47312 0.36172 
0.000310001 0.972109 
0.242597 0.65428 
0.9402 0.596257 
0.903858 0.331532 
0.304043 0.675398 
0.449785 0.409032 
0.618305 0.744505 
0.0473447 0.676037 
0.0181979 0.534675 
0.938174 0.378044 
