0.702876 0.34324 
0.754646 0.745386 
0.603524 0.910383 
0.579373 0.233527 
0.262783 0.730343 
0.292705 0.33951 
0.716765 0.715417 
0.264492 0.401407 
0.142624 0.485239 
0.313527 0.846525 
0.664701 0.152952 
0.709771 0.459743 
0.03022 0.783947 
0.76181 0.124214 
0.452646 0.690618 
0.680475 0.0505019 
0.686653 0.267837 
0.237552 0.954978 
0.270999 0.736381 
0.576973 0.574984 
0.832922 0.489229 
0.979698 0.796832 
0.718578 0.0130533 
0.420057 0.834403 
0.257913 0.972427 
0.79833 0.0335796 
0.779166 0.701911 
0.316903 0.00873784 
0.847929 0.248881 
0.201177 0.321516 
0.796988 0.0336724 
0.215696 0.780429 
0.496295 0.874576 
0.263694 0.148029 
0.640052 0.567153 
0.339569 0.636007 
0.849669 0.493701 
0.042704 0.835371 
0.684934 0.874767 
0.98815 0.536562 
0.616748 0.746144 
0.885326 0.910809 
0.116311 0.309205 
0.455711 0.253506 
0.958305 0.301433 
0.886456 0.227659 
0.252111 0.721202 
0.344533 0.621244 
0.8698 0.784558 
0.89117 0.591477 
0.368308 0.281246 
0.802728 0.790051 
0.902464 0.513611 
0.147517 0.2479 
0.771372 0.522974 
0.629584 0.121292 
0.980011 0.0503028 
0.14958 0.155406 
0.684564 0.308931 
0.187133 0.185013 
0.278392 0.177485 
0.281973 0.96997 
0.303788 0.0902113 
0.274761 0.00768276 
0.290073 0.397322 
0.045776 0.150518 
0.766093 0.699413 
0.331665 0.485566 
0.23195 0.196514 
0.235622 0.216271 
0.140811 0.146364 
0.124629 0.768226 
0.498359 0.245723 
0.781716 0.382996 
0.464335 0.189159 
0.19442 0.148709 
0.568656 0.284649 
0.974642 0.18277 
0.674222 0.0258919 
0.284085 0.0825825 
0.952384 0.568308 
0.409251 0.425231 
0.808943 0.452723 
0.0104373 0.464778 
0.0327353 0.653453 
0.249353 0.870165 
0.0402626 0.10581 
0.423679 0.988673 
0.638189 0.165847 
0.601113 0.132931 
0.248712 0.773417 
0.00276794 0.826505 
0.749455 0.197438 
0.426364 0.00284684 
0.299526 0.906186 
0.283928 0.977616 
0.0350717 0.96703 
0.832079 0.300303 
0.12799 0.831358 
0.889 0.671329 
0.662656 0.212786 
0.151932 0.193186 
0.550732 0.804826 
0.0454473 0.696939 
0.778395 0.967764 
0.671198 0.906346 
0.965686 0.584689 
0.952831 0.802883 
0.557852 0.287045 
0.697536 0.504928 
0.647826 0.163338 
0.191996 0.328285 
0.817912 0.00363403 
0.338538 0.997242 
0.837396 0.285639 
0.197027 0.551787 
0.889979 0.68228 
0.0194404 0.0508364 
0.95539 0.713819 
0.851763 0.777558 
0.78921 0.858154 
0.21666 0.741867 
0.597366 0.434265 
0.0161188 0.0470722 
0.665786 0.265256 
0.508185 0.219242 
0.504728 0.358499 
0.708305 0.536422 
0.820575 0.10714 
0.893016 0.470584 
0.982852 0.508858 
0.107079 0.230599 
0.179235 0.259722 
0.832741 0.719852 
0.282652 0.0994122 
0.747162 0.681998 
0.856835 0.695565 
0.114335 0.76812 
0.207011 0.0946282 
0.139459 0.996069 
0.639628 0.00715844 
0.229001 0.182419 
0.716339 0.856941 
0.524446 0.502973 
0.993954 0.345301 
0.335411 0.488182 
0.140825 0.835767 
0.46576 0.643178 
0.0249844 0.66976 
0.97078 0.640407 
0.154609 0.197908 
0.988974 0.0023605 
0.389335 0.0369101 
0.19557 0.121999 
0.875316 0.25775 
0.868104 0.655981 
0.301542 0.248782 
0.118183 0.319635 
0.497936 0.886863 
0.959459 0.89785 
0.885621 0.284527 
0.562189 0.910621 
0.821228 0.276244 
0.587114 0.598795 
0.952822 0.700479 
0.0162627 0.883403 
0.685619 0.203604 
0.150576 0.981161 
0.172859 0.805694 
0.83005 0.541032 
0.190358 0.806364 
0.519973 0.341904 
0.713865 0.913173 
0.611248 0.845895 
0.397016 0.735018 
0.176536 0.903429 
0.118347 0.0163004 
0.421721 0.00688549 
0.0984165 0.966581 
0.879175 0.683706 
0.269473 0.356744 
0.795341 0.786781 
0.318939 0.481585 
0.00910685 0.281669 
0.556397 0.447169 
0.630159 0.260167 
0.233191 0.600714 
0.145365 0.447069 
0.836382 0.233051 
0.41319 0.688712 
0.452569 0.681034 
0.687945 0.909182 
0.775727 0.106225 
0.300657 0.827563 
0.276015 0.729881 
0.836713 0.262438 
0.177888 0.348425 
0.702615 0.435606 
0.767995 0.136222 
0.629512 0.90725 
0.205477 0.18676 
0.893438 0.611396 
0.28465 0.226775 
0.149676 0.760672 
0.141723 0.452854 
0.455337 0.289286 
0.72578 0.40904 
0.249042 0.0249924 
0.995421 0.998705 
0.82705 0.325 
0.748575 0.10674 
0.18246 0.711468 
0.157383 0.736099 
0.225814 0.377347 
0.966686 0.409165 
0.770854 0.784051 
0.188883 0.787844 
0.158627 0.118835 
0.277869 0.831379 
0.761394 0.992343 
0.2713 0.743241 
0.821189 0.0359261 
0.229782 0.222199 
0.814776 0.189196 
0.469237 0.245393 
0.596879 0.416934 
0.0969704 0.658462 
0.225104 0.397284 
0.559406 0.63586 
0.131178 0.0722715 
0.410407 0.142195 
0.410503 0.199757 
0.377588 0.972491 
0.995371 0.881136 
0.230212 0.847703 
0.159859 0.501983 
0.340715 0.0144287 
0.701313 0.645253 
0.940433 0.011743 
0.615166 0.394783 
0.541881 0.859991 
0.371257 0.125277 
0.681161 0.958367 
0.968824 0.0937966 
0.266979 0.678913 
0.629637 0.404377 
0.891498 0.295963 
0.0400073 0.800045 
0.583379 0.748458 
0.755556 0.39686 
0.1938 0.968404 
0.649034 0.647827 
0.474353 0.843595 
3.00515e-05 0.654138 
0.0253773 0.819115 
0.86934 0.319572 
0.881304 0.776383 
0.502529 0.128534 
0.237169 0.419398 
0.809508 0.749351 
0.163538 0.475797 
0.78675 0.838497 
0.761189 0.817842 
0.761105 0.00316045 
0.167694 0.545234 
0.567972 0.308716 
0.187166 0.607763 
0.780807 0.724367 
0.653285 0.540783 
0.788827 0.508173 
0.708284 0.316489 
0.811815 0.305923 
0.491641 0.243021 
0.153566 0.819047 
0.797547 0.165194 
0.0489578 0.100259 
0.181322 0.180558 
0.770954 0.432291 
0.207472 0.708626 
0.650332 0.324328 
0.374407 0.955348 
0.886298 0.649546 
0.544471 0.610664 
0.71917 0.25663 
0.774281 0.866224 
0.0463087 0.214645 
0.493221 0.833025 
0.897293 0.542846 
0.406126 0.000793744 
0.401317 0.568784 
0.123304 0.893869 
0.64234 0.591512 
0.761231 0.383061 
0.381104 0.241107 
0.703014 0.444941 
0.285589 0.24479 
0.959161 0.00622219 
0.00714264 0.248067 
0.59501 0.779388 
0.0399817 0.362422 
0.404503 0.440083 
0.774502 0.984611 
0.255539 0.368964 
0.639475 0.33093 
0.252559 0.016281 
0.7211 0.211291 
0.569767 0.0396451 
0.749132 0.328813 
0.97995 0.448451 
0.127326 0.631647 
0.276158 0.406317 
0.70808 0.154507 
0.887652 0.760953 
0.265099 0.390955 
0.553981 0.918224 
0.110774 0.313714 
0.864661 0.242779 
0.458201 0.689578 
0.247957 0.224099 
0.599689 0.115213 
0.541582 0.751234 
0.824637 0.984004 
0.354751 0.99712 
0.679941 0.98842 
0.219195 0.955228 
0.954583 0.796179 
0.326341 0.868928 
0.144009 0.408584 
0.87604 0.473795 
0.526196 0.489013 
0.170728 0.754 
0.36702 0.347346 
0.994973 0.23559 
0.99072 0.389597 
0.0119967 0.766475 
0.861355 0.20002 
0.413383 0.775118 
0.520973 0.207619 
0.307999 0.37722 
0.525003 0.763475 
0.664421 0.777748 
0.3551 0.111534 
0.114275 0.644729 
0.0491282 0.636516 
0.342287 0.878287 
0.248996 0.0155012 
0.400876 0.434212 
0.95493 0.672819 
0.980216 0.399519 
0.584485 0.718796 
0.865851 0.317851 
0.153253 0.784545 
0.358905 0.784529 
0.570467 0.974283 
0.604922 0.811597 
0.550916 0.327997 
0.004445 0.600343 
0.365296 0.491249 
0.410187 0.242316 
0.661824 0.0157832 
0.48419 0.870205 
0.198358 0.129959 
0.948254 0.665403 
0.00608234 0.317113 
0.760223 0.667279 
0.47121 0.0062659 
0.322884 0.665755 
0.263332 0.102554 
0.0992861 0.371657 
0.825197 0.847703 
0.57615 0.791081 
0.0112266 0.0443885 
0.999109 0.948193 
0.554276 0.596147 
0.0375712 0.249949 
0.420136 0.986763 
0.814966 0.114021 
0.439067 0.129529 
0.744588 0.0971439 
0.228393 0.483177 
0.646428 0.881675 
0.510904 0.499336 
0.654277 0.890786 
0.185643 0.321334 
0.036445 0.924616 
0.579533 0.0290234 
0.954061 0.0388602 
0.208429 0.0241465 
0.807881 0.777736 
0.852727 0.547622 
0.632904 0.33217 
0.995301 0.740577 
0.296314 0.372981 
0.564662 0.63169 
0.428326 0.1687 
0.621789 0.165923 
0.994941 0.891638 
0.244637 0.148997 
0.788111 0.00105368 
0.599462 0.875259 
0.479649 0.470412 
0.51726 0.112244 
0.992463 0.137303 
0.640341 0.133729 
0.850449 0.141432 
0.139025 0.0935968 
0.495839 0.898575 
0.0032446 0.551643 
0.402337 0.786018 
0.200562 0.809307 
0.792489 0.189848 
0.3232 0.491355 
0.225884 0.150437 
0.246674 0.360052 
0.116193 0.761742 
0.567588 0.13851 
0.84826 0.118168 
0.291687 0.636915 
0.346307 0.0824161 
0.874408 0.610976 
0.262188 0.314556 
0.990069 0.470786 
0.737753 0.458981 
0.786796 0.462225 
0.0228386 0.794013 
0.830699 0.532305 
0.383715 0.957791 
0.842033 0.2629 
0.0268577 0.379715 
0.877883 0.776379 
0.204401 0.0723582 
0.854133 0.428394 
0.682451 0.0992267 
0.247542 0.198365 
0.747617 0.131094 
0.998558 0.727191 
0.221889 0.24836 
0.437889 0.949543 
0.490202 0.610713 
0.88545 0.00311271 
0.0457805 0.315829 
0.244736 0.702701 
0.340549 0.371471 
0.739092 0.190046 
0.683743 0.64026 
0.834108 0.649028 
0.82281 0.113731 
0.134542 0.592861 
0.503316 0.99794 
0.708671 0.202724 
0.347424 0.0233685 
0.680359 0.64188 
0.857846 0.672779 
0.379584 0.445964 
0.596382 0.602783 
0.515489 0.785059 
0.24597 0.0270307 
0.545134 0.0469226 
0.458062 0.133485 
0.465729 0.00084447 
0.156067 0.568418 
0.421674 0.28954 
0.791727 0.55044 
0.896435 0.174202 
0.832023 0.0275926 
0.305041 0.138385 
0.105931 0.534686 
0.197704 0.320199 
0.000960873 0.972477 
0.99068 0.45972 
0.641091 0.596738 
0.87239 0.166127 
0.0995015 0.147923 
0.696704 0.903612 
0.000497473 0.610972 
0.484691 0.807968 
0.127243 0.99168 
0.219219 0.73896 
0.351463 0.341958 
0.640662 0.166593 
0.46012 0.133537 
0.852346 0.843868 
0.241811 0.886615 
0.426753 0.199369 
0.346276 0.0158404 
0.183033 0.078051 
0.00324937 0.709085 
0.959871 0.157731 
0.987304 0.20021 
0.818303 0.132548 
0.218628 0.266756 
0.601297 0.216324 
0.19079 0.193021 
0.627914 0.894439 
0.151033 0.393259 
0.774769 0.312448 
0.781641 0.170029 
0.987127 0.608408 
0.40221 0.743438 
0.161618 0.783896 
0.532074 0.583896 
0.105297 0.374417 
0.877518 0.154586 
0.0021759 0.125113 
0.0143898 0.396812 
0.0180376 0.100618 
0.245245 0.566977 
0.150033 0.759237 
0.439303 0.986937 
0.182408 0.520161 
0.441704 0.672155 
0.338173 0.768673 
0.989678 0.465844 
0.742136 0.232474 
0.021541 0.789442 
0.692057 0.309563 
0.288075 0.668957 
0.302076 0.175089 
0.540837 0.841854 
0.301279 0.674278 
0.448533 0.221199 
0.697128 0.900369 
0.701929 0.983718 
0.512995 0.336621 
0.669893 0.68332 
0.579575 0.179299 
0.131083 0.17624 
0.968556 0.484188 
0.228119 0.908166 
0.841773 0.189647 
0.321625 0.158439 
0.204945 0.0237013 
0.0990195 0.573484 
0.307741 0.243514 
0.286691 0.176804 
0.409712 0.975965 
0.841123 0.993969 
0.332141 0.474131 
0.818768 0.782316 
0.171463 0.25626 
0.0111298 0.85938 
0.145512 0.487139 
0.59006 0.415641 
0.887649 0.995815 
0.882332 0.747767 
0.758368 0.43067 
0.791899 0.83073 
0.844268 0.541503 
0.775266 0.870581 
0.95572 0.0119475 
0.329881 0.165488 
0.37465 0.280279 
0.527733 0.497294 
0.281884 0.0203317 
0.0361607 0.7437 
0.279431 0.250148 
0.828615 0.771874 
0.0367494 0.769382 
0.350179 0.144272 
0.57484 0.826066 
0.995449 0.885865 
0.00452207 0.576099 
0.874135 0.790627 
0.489931 0.671093 
0.408345 0.966407 
0.262434 0.099704 
0.0164025 0.134831 
0.613318 0.541329 
0.191803 0.102628 
0.569395 0.747865 
0.414163 0.114249 
0.308592 0.814266 
0.777165 0.955151 
0.980741 0.74588 
0.575169 0.302589 
0.486398 0.515366 
0.354721 0.441914 
0.540734 0.985479 
0.16047 0.744379 
0.629462 0.154135 
0.834975 0.060288 
0.395166 0.738584 
0.517398 0.355752 
0.679887 0.669411 
0.465644 0.355972 
0.00416623 0.839631 
0.0243692 0.474737 
0.374321 0.604717 
0.178769 0.882631 
0.802766 0.261807 
0.14348 0.112865 
0.219832 0.0817689 
0.70625 0.860147 
0.43831 0.302578 
0.18516 0.7471 
0.483488 0.0295943 
0.369242 0.0102341 
0.664491 0.352718 
0.715805 0.0508757 
0.224334 0.73289 
0.858795 0.179932 
0.403977 0.267926 
0.190666 0.316876 
0.53841 0.34112 
0.230145 0.985952 
0.59927 0.8746 
0.987741 0.802922 
0.122305 0.504775 
0.163892 0.134592 
0.995626 0.442918 
0.477916 0.119402 
0.77614 0.102934 
0.52105 0.976721 
0.374242 0.35041 
0.12504 0.359651 
0.158011 0.485414 
0.860183 0.111248 
0.520022 0.155932 
0.663251 0.101464 
0.12728 0.65343 
0.944337 0.841999 
0.816307 0.782332 
0.183007 0.989807 
0.224403 0.783511 
0.78468 0.177352 
0.70706 0.143467 
0.471191 0.660572 
0.284591 0.353166 
0.781433 0.190531 
0.235869 0.685409 
0.307562 0.162112 
0.818124 0.117374 
0.0464915 0.188887 
0.62621 0.551342 
0.00434813 0.129883 
0.824413 0.813648 
0.566761 0.810022 
0.853087 0.214438 
0.376235 0.282107 
0.206305 0.718222 
0.149395 0.815485 
0.575563 0.702901 
0.0790388 0.0248268 
0.0325749 0.559525 
0.12287 0.817857 
0.0310839 0.0924947 
0.688257 0.139454 
0.0222279 0.580336 
0.0472038 0.36712 
0.795423 0.547859 
0.987959 0.971286 
0.862342 0.663879 
0.61654 0.249042 
0.729576 0.449303 
0.165826 0.466327 
0.353705 0.836667 
0.386628 0.133632 
0.735193 0.170612 
0.62204 0.744978 
0.28632 0.977722 
0.883423 0.322434 
0.871776 0.243626 
0.773748 0.894999 
0.977327 0.237723 
0.872162 0.68196 
0.883627 0.453601 
0.813794 0.258577 
0.0458667 0.17921 
0.663633 0.229921 
0.51323 0.505645 
0.820846 0.161686 
0.970497 0.0301888 
0.59989 0.389721 
0.886966 0.995354 
0.59896 0.815619 
0.221037 0.182233 
0.707396 0.833795 
0.122098 0.683537 
0.314193 0.643608 
0.133114 0.1763 
0.0235364 0.303438 
0.965322 0.567423 
0.838237 0.814185 
0.0438866 0.205912 
0.379794 0.551323 
0.832194 0.969082 
0.752704 0.977656 
0.900766 0.0119445 
0.319611 0.524412 
0.184929 0.185924 
0.680924 0.865075 
0.763377 0.827871 
0.631779 0.74387 
0.611998 0.253766 
0.39413 0.298502 
0.994436 0.613899 
0.234344 0.00412125 
0.300271 0.226114 
0.991699 0.200129 
0.13298 0.328161 
0.680896 0.911382 
0.734219 0.0374764 
0.213948 0.792805 
0.690346 0.362247 
0.780461 0.00159218 
0.0147545 0.470852 
0.181241 0.902796 
0.974743 0.182281 
0.15784 0.583988 
0.014303 0.603389 
0.243777 0.771513 
0.691808 0.16313 
0.435651 0.0999867 
0.456685 0.486288 
0.676878 0.0272991 
0.0226412 0.266809 
0.106988 0.793404 
0.348927 0.460348 
0.164743 0.227802 
0.583716 0.537974 
0.259948 0.144493 
0.998608 0.465486 
0.333024 0.75048 
0.574669 0.086835 
0.0159153 0.887186 
0.727467 0.89584 
0.776249 0.246087 
0.834191 0.306574 
0.45307 0.381073 
0.100742 0.106111 
0.115433 0.0862563 
0.793542 0.982983 
0.745008 0.24511 
0.313038 0.345112 
0.226248 0.408646 
0.628743 0.113366 
0.786574 0.872531 
0.396756 0.600137 
0.615821 0.648254 
0.149931 0.0103787 
0.607419 0.10857 
0.235389 0.703693 
0.265987 0.123176 
0.77433 0.903615 
0.860195 0.836984 
0.0440532 0.979331 
0.489414 0.761901 
0.442292 0.101435 
0.404796 0.406422 
0.628484 0.757012 
0.24113 0.898929 
0.951885 0.378053 
0.421635 0.968585 
0.534381 0.782965 
0.395604 0.959977 
0.184272 0.886513 
0.550512 0.472376 
0.81337 0.803289 
0.629682 0.494251 
0.181638 0.459579 
0.818965 0.79631 
0.894061 0.51979 
0.401031 0.00598885 
0.267266 0.53646 
0.87267 0.694022 
0.582983 0.719294 
0.355564 0.115535 
0.701894 0.28032 
0.718738 0.999004 
0.118391 0.433069 
0.194488 0.36868 
0.832535 0.124328 
0.973129 0.168606 
0.179129 0.850892 
0.178757 0.198133 
0.855053 0.704067 
0.972095 0.129412 
0.648606 0.166479 
0.219979 0.722841 
0.97724 0.26381 
0.707961 0.112129 
0.625795 0.539763 
0.221498 0.783966 
0.576965 0.0247284 
0.040065 0.45673 
0.7937 0.307173 
0.82588 0.34216 
0.500687 0.367009 
0.475664 0.193504 
0.334683 0.837369 
0.268733 0.257981 
0.10481 0.386979 
0.389903 0.322499 
0.557842 0.584048 
0.209447 0.00662267 
0.379347 0.803078 
0.299784 0.535472 
0.310158 0.95208 
0.0420978 0.0997959 
0.379835 0.783362 
0.762853 0.433322 
0.604919 0.585833 
0.87083 0.193215 
0.982886 0.468937 
0.01103 0.595983 
0.298492 0.411016 
0.313203 0.814734 
0.429333 0.687282 
0.75398 0.728209 
0.230184 0.0895738 
0.7738 0.466295 
0.877215 0.738507 
0.110246 0.348416 
0.874058 0.00834136 
0.15956 0.309573 
0.501337 0.377087 
0.885577 0.254697 
0.911234 0.0106188 
0.892645 0.725638 
0.767404 0.458949 
0.0391692 0.996778 
0.985222 0.523227 
0.246173 0.0923798 
0.126913 0.972513 
0.463508 0.209385 
0.809683 0.303338 
0.214675 0.464672 
0.736097 0.899302 
0.436009 0.0230239 
0.413177 0.444656 
0.627483 0.621789 
0.0456816 0.294345 
0.624933 0.76834 
0.860582 0.822152 
0.848354 0.224788 
0.250564 0.123932 
0.95204 0.717677 
0.120174 0.1616 
0.454196 0.366277 
0.000589544 0.141784 
0.974783 0.0799638 
0.947746 0.530084 
0.823284 0.527408 
0.513436 0.860687 
0.783539 0.685535 
0.895897 0.531406 
0.858815 0.689712 
0.963795 0.954202 
0.649682 0.96068 
0.839334 0.120466 
0.554481 0.445848 
0.995682 0.987181 
0.714479 0.341934 
0.440557 0.668817 
0.83168 0.986763 
0.503555 0.0343044 
0.942883 0.927106 
0.719014 0.672078 
0.65344 0.891751 
0.893592 0.123384 
0.0460247 0.798101 
0.227057 0.00102592 
0.641419 0.384417 
0.970562 0.949787 
0.152963 0.487171 
0.531539 0.891123 
0.0286619 0.838629 
0.122355 0.374196 
0.274436 0.21198 
0.708808 0.196194 
0.141385 0.672587 
0.470908 0.866849 
0.977865 0.917363 
0.0134525 0.137395 
0.526449 0.719199 
0.475386 0.894798 
0.41224 0.884968 
0.458108 0.0401091 
0.49213 0.144096 
0.344988 0.468878 
0.478266 0.016533 
0.856137 0.544564 
0.326616 0.893221 
0.230603 0.87605 
0.00928699 0.74449 
0.812488 0.176641 
0.835399 0.222255 
0.575705 0.291494 
0.666816 0.638908 
0.626924 0.784764 
0.00986782 0.94954 
0.57 0.412257 
0.487804 0.47238 
0.659979 0.678655 
0.792522 0.424239 
0.838473 0.77354 
0.717238 0.144118 
0.589041 0.235045 
0.576655 0.810042 
0.877296 0.47802 
0.151462 0.421186 
0.790018 0.295034 
0.954331 0.185594 
0.606016 0.643302 
0.763801 0.59963 
0.270119 0.149848 
0.226766 0.714997 
0.462685 0.485065 
0.163061 0.417939 
0.622247 0.891526 
0.631945 0.633135 
0.595375 0.184053 
0.978003 0.3409 
0.371009 0.0224326 
0.348708 0.00351675 
0.765404 0.719854 
0.46727 0.537255 
0.739798 0.904487 
0.00117938 0.0887186 
0.64017 0.957276 
0.648714 0.795707 
0.304004 0.174873 
0.527768 0.969663 
0.421872 0.656899 
0.755559 0.91477 
0.808902 0.829351 
0.831852 0.435482 
0.605479 0.621233 
0.102807 0.133449 
0.386434 0.231856 
0.150347 0.478189 
0.860748 0.399086 
0.019445 0.0729619 
0.587741 0.124747 
0.0459769 0.438005 
0.755988 0.819441 
0.353921 0.497341 
0.337586 0.0954353 
0.720444 0.227941 
0.984041 0.247734 
0.735638 0.911856 
0.771637 0.308372 
0.714889 0.861971 
0.555399 0.59101 
0.291693 0.987621 
0.778377 0.198083 
0.209516 0.903173 
0.86346 0.0645376 
0.828875 0.515217 
0.66587 0.239783 
0.716435 0.141086 
0.515642 0.470792 
0.772653 0.984497 
0.735769 0.810892 
0.179938 0.19768 
0.495687 0.908892 
0.852169 0.228917 
0.462876 0.693757 
0.612241 0.780956 
0.957144 0.300297 
0.381761 0.160529 
0.426358 0.0868079 
0.875753 0.530296 
0.298258 0.907228 
0.175948 0.532763 
0.778155 0.26918 
0.477737 0.0836331 
0.559584 0.63177 
0.603702 0.137271 
0.902847 0.0406063 
0.627655 0.22182 
0.860625 0.144128 
0.405331 0.137675 
0.772367 0.689319 
0.99677 0.771006 
0.186377 0.226016 
0.279234 0.38307 
0.24047 0.782257 
0.199177 0.975389 
0.679983 0.243862 
0.359959 0.182192 
0.34196 0.160617 
0.826205 0.867026 
0.644651 0.0140448 
0.746345 0.315079 
0.00470288 0.400614 
0.158855 0.483681 
0.186817 0.884682 
0.101419 0.11199 
0.873013 0.983 
0.870764 0.223282 
0.286629 0.326549 
0.100303 0.506108 
0.282203 0.992438 
0.219839 0.437125 
0.845779 0.641569 
0.835603 0.25679 
0.104296 0.56706 
0.500566 0.130191 
0.576423 0.299814 
