0.0562084 0.801919 
0.983813 0.0510626 
0.239803 0.104699 
0.534797 0.521407 
0.329979 0.317638 
0.977858 0.735087 
0.953617 0.0494682 
0.572538 0.0608454 
0.811628 0.979186 
0.225825 0.406369 
0.619046 0.754556 
0.915988 0.0364922 
0.830576 0.903643 
0.175992 0.566783 
0.328182 0.394569 
0.464552 0.183268 
0.2575 0.610549 
0.196504 0.141293 
0.669344 0.801833 
0.155896 0.471428 
0.255728 0.993978 
0.698761 0.847351 
0.0693813 0.191786 
0.00814663 0.439653 
0.389613 0.135657 
0.249231 0.461392 
0.698389 0.206857 
0.182262 0.394393 
0.142462 0.715652 
0.47312 0.36172 
0.000310001 0.972109 
0.242597 0.65428 
0.9402 0.596257 
0.903858 0.331532 
0.304043 0.675398 
0.449785 0.409032 
0.618305 0.744505 
0.0473447 0.676037 
0.0181979 0.534675 
0.938174 0.378044 
0.405893 0.860079 
0.891544 0.944015 
0.297304 0.289647 
0.284668 0.363466 
0.145429 0.394466 
0.143616 0.00714748 
0.714824 0.736844 
0.37984 0.571034 
0.534643 0.444801 
0.421655 0.0263234 
0.283343 0.805375 
0.825013 0.955939 
0.543182 0.861393 
0.216719 0.946766 
0.358318 0.296432 
0.931533 0.364792 
0.662537 0.808253 
0.995163 0.777207 
0.787526 0.876081 
0.0321387 0.603244 
0.741628 0.579756 
0.270257 0.226305 
0.611194 0.864001 
0.118442 0.620391 
0.420414 0.563256 
0.31687 0.761622 
0.718424 0.556918 
0.669969 0.559888 
0.537909 0.30836 
0.798059 0.332143 
0.176211 0.972411 
0.405418 0.468632 
0.677123 0.877295 
0.317665 0.754487 
0.59821 0.494416 
0.361874 0.629065 
0.391619 0.15315 
0.654983 0.193505 
0.299475 0.0283847 
0.148323 0.524884 
0.802437 0.0751298 
0.990642 0.305405 
0.935762 0.32393 
0.688338 0.347463 
0.341769 0.907212 
0.834533 0.363603 
0.963059 0.979512 
0.172839 0.780404 
0.10755 0.0172133 
0.213592 0.805175 
0.320583 0.372301 
0.10703 0.179308 
0.403806 0.85559 
0.660573 0.735507 
0.264238 0.716624 
0.996618 0.559594 
0.802596 0.0205063 
0.516948 0.758717 
0.724194 0.239447 
0.662013 0.87295 
0.157273 0.0572515 
0.110567 0.373615 
0.232691 0.944978 
0.0735954 0.935077 
0.635034 0.126416 
0.0990345 0.863019 
0.582886 0.569494 
0.661553 0.599798 
0.671929 0.00858651 
0.152282 0.499944 
0.922956 0.301014 
0.0119114 0.281243 
0.0813839 0.0339406 
0.665205 0.578271 
0.151838 0.728346 
0.657498 0.438809 
0.0287319 0.841317 
0.240542 0.179803 
0.267729 0.325427 
0.945596 0.915568 
0.165782 0.482591 
0.541793 0.569558 
0.834894 0.0237237 
0.00386934 0.0207713 
0.899385 0.670488 
0.632246 0.292916 
0.512811 0.866749 
0.663181 0.627266 
0.521338 0.756184 
0.368159 0.477673 
0.295416 0.124027 
0.463944 0.495831 
0.211624 0.771012 
0.29195 0.399779 
0.0607414 0.150767 
0.531296 0.0321323 
0.243953 0.491885 
0.135175 0.446114 
0.552901 0.452246 
0.60412 0.946436 
0.679741 0.719482 
0.463497 0.186648 
0.514351 0.624173 
0.675561 0.549588 
0.349752 0.31334 
0.558676 0.138146 
0.242972 0.981114 
0.610453 0.318971 
0.373956 0.298525 
0.179212 0.94147 
0.129785 0.215667 
0.207644 0.00996968 
0.437271 0.140692 
0.0398022 0.536781 
0.86483 0.818384 
0.224711 0.545185 
0.517396 0.429849 
0.480373 0.815998 
0.407341 0.841099 
0.289239 0.8166 
0.0209389 0.427926 
0.999141 0.947366 
0.0334936 0.653278 
0.825019 0.468585 
0.807088 0.258732 
0.945049 0.443759 
0.438489 0.91574 
0.227429 0.575957 
0.0325401 0.0234326 
0.914128 0.472377 
0.560622 0.65415 
0.917704 0.0320982 
0.987538 0.648145 
0.41696 0.595097 
0.919431 0.595895 
0.663534 0.481369 
0.905896 0.794464 
0.242967 0.386706 
0.713199 0.0514463 
0.950559 0.909134 
0.461343 0.0699607 
0.558061 0.570544 
0.284598 0.838984 
0.390625 0.557503 
0.939303 0.901547 
0.882835 0.540045 
0.594198 0.971209 
0.334898 0.761675 
0.124765 0.396986 
0.0357069 0.0779863 
0.530122 0.0459721 
0.549561 0.250368 
0.355121 0.682022 
0.701736 0.486969 
0.717148 0.782501 
0.343874 0.58107 
0.385304 0.943725 
0.0448622 0.241086 
0.914732 0.282969 
0.146535 0.211655 
0.841522 0.121706 
0.541784 0.387436 
0.198648 0.191705 
0.863146 0.743153 
0.947333 0.139947 
0.601013 0.727268 
0.151107 0.98315 
0.985288 0.944026 
0.341146 0.0516557 
0.430797 0.654091 
0.432208 0.173575 
0.0356916 0.935572 
0.977163 0.200928 
0.328429 0.986963 
0.917313 0.180766 
0.0363627 0.840528 
0.950761 0.949444 
0.891785 0.95355 
0.704197 0.500852 
0.958775 0.105882 
0.258447 0.427223 
0.641203 0.957071 
0.789409 0.606881 
0.0118931 0.648718 
0.653542 0.159849 
0.368254 0.993971 
0.900409 0.762472 
0.397521 0.832062 
0.409053 0.650339 
0.565932 0.285254 
0.755391 0.713379 
0.491355 0.53566 
0.601021 0.70662 
0.280702 0.410688 
0.538963 0.227357 
0.752789 0.639648 
0.50412 0.539476 
0.946455 0.714024 
0.67806 0.156387 
0.389469 0.246487 
0.53656 0.0115052 
0.894068 0.833908 
0.274534 0.495971 
0.883819 0.457275 
0.701045 0.631331 
0.950104 0.825412 
0.278525 0.851573 
0.633716 0.550897 
0.0238767 0.969543 
0.228911 0.759634 
0.230794 0.185769 
0.733224 0.994848 
0.270361 0.442995 
0.959215 0.869255 
0.183975 0.789611 
0.140471 0.186937 
0.683997 0.465674 
0.0541795 0.975449 
0.492204 0.49049 
0.926331 0.713675 
0.0904995 0.850586 
0.0385247 0.0259957 
0.836969 0.0364947 
0.40061 0.946735 
0.150397 0.130737 
0.333428 0.837794 
0.593815 0.557045 
0.500531 0.654091 
0.70284 0.85462 
0.102836 0.65549 
0.852917 0.20902 
0.294552 0.464925 
0.688242 0.46809 
0.109294 0.611564 
0.723618 0.780576 
0.511446 0.373926 
0.950687 0.510149 
0.135676 0.998778 
0.525837 0.220736 
0.924671 0.615186 
0.350779 0.497152 
0.702876 0.34324 
0.754646 0.745386 
0.579373 0.233527 
0.262783 0.730343 
0.716765 0.715417 
0.264492 0.401407 
0.142624 0.485239 
0.313527 0.846525 
0.664701 0.152952 
0.709771 0.459743 
0.03022 0.783947 
0.76181 0.124214 
0.452646 0.690618 
0.680475 0.0505019 
0.215288 0.620041 
0.686653 0.267837 
0.237552 0.954978 
0.107318 0.0521842 
0.270999 0.736381 
0.576973 0.574984 
0.979698 0.796832 
0.718578 0.0130533 
0.944555 0.468895 
0.420057 0.834403 
0.257913 0.972427 
0.79833 0.0335796 
0.779166 0.701911 
0.316903 0.00873784 
0.847929 0.248881 
0.201902 0.0470912 
0.201177 0.321516 
0.608606 0.0607948 
0.923657 0.634446 
0.796988 0.0336724 
0.215696 0.780429 
0.0740121 0.916352 
0.496295 0.874576 
0.263694 0.148029 
0.640052 0.567153 
0.339569 0.636007 
0.042704 0.835371 
0.684934 0.874767 
0.98815 0.536562 
0.616748 0.746144 
0.885326 0.910809 
0.116311 0.309205 
0.455711 0.253506 
0.634835 0.705759 
0.958305 0.301433 
0.252111 0.721202 
0.344533 0.621244 
0.8698 0.784558 
0.89117 0.591477 
0.368308 0.281246 
0.802728 0.790051 
0.902464 0.513611 
0.147517 0.2479 
0.691846 0.418932 
0.629584 0.121292 
0.980011 0.0503028 
0.14958 0.155406 
0.684564 0.308931 
0.904104 0.376172 
0.187133 0.185013 
0.278392 0.177485 
0.281973 0.96997 
0.274761 0.00768276 
0.195374 0.032732 
0.290073 0.397322 
0.045776 0.150518 
0.766093 0.699413 
0.931832 0.300009 
0.331665 0.485566 
0.23195 0.196514 
0.235622 0.216271 
0.156371 0.279708 
0.140811 0.146364 
0.124629 0.768226 
0.781716 0.382996 
0.387357 0.945516 
0.464335 0.189159 
0.19442 0.148709 
0.708581 0.942799 
0.568656 0.284649 
0.974642 0.18277 
0.672232 0.384601 
0.674222 0.0258919 
0.952384 0.568308 
0.409251 0.425231 
0.808943 0.452723 
0.0104373 0.464778 
0.248253 0.648816 
0.0327353 0.653453 
0.0402626 0.10581 
0.423679 0.988673 
0.929222 0.493693 
0.638189 0.165847 
0.439748 0.429546 
0.601113 0.132931 
0.912416 0.679131 
0.156426 0.914778 
0.694678 0.799202 
0.248712 0.773417 
0.00276794 0.826505 
0.749455 0.197438 
0.426364 0.00284684 
0.299526 0.906186 
0.283928 0.977616 
0.0350717 0.96703 
0.832079 0.300303 
0.12799 0.831358 
0.889 0.671329 
0.662656 0.212786 
0.151932 0.193186 
0.0454473 0.696939 
0.778395 0.967764 
0.308562 0.0547065 
0.160841 0.670069 
0.937292 0.760646 
0.965686 0.584689 
0.952831 0.802883 
0.557852 0.287045 
0.508448 0.696654 
0.697536 0.504928 
0.647826 0.163338 
0.581279 0.673913 
0.443277 0.824275 
0.325787 0.260017 
0.313975 0.0556511 
0.524707 0.544287 
0.817912 0.00363403 
0.338538 0.997242 
0.445299 0.635519 
0.837396 0.285639 
0.68629 0.413941 
0.747919 0.642629 
0.197027 0.551787 
0.889979 0.68228 
0.926249 0.754478 
0.0194404 0.0508364 
0.95539 0.713819 
0.355208 0.543103 
0.78921 0.858154 
0.21666 0.741867 
0.597366 0.434265 
0.0161188 0.0470722 
0.156214 0.0498505 
0.665786 0.265256 
0.698072 0.387492 
0.754098 0.577323 
0.156586 0.666021 
0.893016 0.470584 
0.982852 0.508858 
0.107079 0.230599 
0.179235 0.259722 
0.337014 0.225863 
0.743729 0.752109 
0.282652 0.0994122 
0.747162 0.681998 
0.114335 0.76812 
0.207011 0.0946282 
0.139459 0.996069 
0.639628 0.00715844 
0.229001 0.182419 
0.573967 0.668576 
0.252877 0.627613 
0.716339 0.856941 
0.993954 0.345301 
0.335411 0.488182 
0.140825 0.835767 
0.271101 0.28712 
0.841197 0.931195 
0.46576 0.643178 
0.299781 0.440169 
0.777471 0.572669 
0.0249844 0.66976 
0.154972 0.298316 
0.97078 0.640407 
0.154609 0.197908 
0.988974 0.0023605 
0.559316 0.172296 
0.389335 0.0369101 
0.19557 0.121999 
0.323763 0.593083 
0.144176 0.271225 
0.301542 0.248782 
0.25155 0.94182 
0.118183 0.319635 
0.470021 0.285939 
0.928523 0.335947 
0.466794 0.304938 
0.959459 0.89785 
0.923622 0.258913 
0.821228 0.276244 
0.606812 0.465437 
0.456473 0.439236 
0.952822 0.700479 
0.25381 0.635307 
0.0162627 0.883403 
0.558272 0.533688 
0.685619 0.203604 
0.150576 0.981161 
0.712897 0.581609 
0.172859 0.805694 
0.190358 0.806364 
0.519973 0.341904 
0.225021 0.612291 
0.611248 0.845895 
0.397016 0.735018 
0.328873 0.448786 
0.732187 0.583025 
0.176536 0.903429 
0.906957 0.48146 
0.118347 0.0163004 
0.726102 0.347878 
0.421721 0.00688549 
0.0984165 0.966581 
0.879175 0.683706 
0.533214 0.104892 
0.269473 0.356744 
0.795341 0.786781 
0.48456 0.693694 
0.318939 0.481585 
0.00910685 0.281669 
0.556397 0.447169 
0.630159 0.260167 
0.233191 0.600714 
0.145365 0.447069 
0.836382 0.233051 
0.721405 0.401757 
0.656752 0.945086 
0.41319 0.688712 
0.452569 0.681034 
0.213042 0.543905 
0.742437 0.933494 
0.775727 0.106225 
0.300657 0.827563 
0.438905 0.0459756 
0.276015 0.729881 
0.836713 0.262438 
0.702615 0.435606 
0.767995 0.136222 
0.205477 0.18676 
0.893438 0.611396 
0.0804523 0.91183 
0.28465 0.226775 
0.93368 0.839497 
0.776097 0.936663 
0.609778 0.348351 
0.149676 0.760672 
0.141723 0.452854 
0.455337 0.289286 
0.72578 0.40904 
0.193345 0.0635365 
0.903117 0.902808 
0.299599 0.304448 
0.249042 0.0249924 
0.656523 0.421264 
0.995421 0.998705 
0.82705 0.325 
0.742544 0.587966 
0.748575 0.10674 
0.18246 0.711468 
0.157383 0.736099 
0.937576 0.667251 
0.654467 0.446762 
0.225814 0.377347 
0.966686 0.409165 
0.770854 0.784051 
0.188883 0.787844 
0.158627 0.118835 
0.917162 0.9506 
0.277869 0.831379 
0.761394 0.992343 
0.774929 0.376941 
0.524833 0.385938 
0.2713 0.743241 
0.821189 0.0359261 
0.229782 0.222199 
0.814776 0.189196 
0.469237 0.245393 
0.596879 0.416934 
0.225104 0.397284 
0.559406 0.63586 
0.267425 0.599062 
0.410407 0.142195 
0.377588 0.972491 
0.69151 0.431347 
0.893592 0.954239 
0.995371 0.881136 
0.230212 0.847703 
0.596999 0.356701 
0.159859 0.501983 
0.340715 0.0144287 
0.701313 0.645253 
0.940433 0.011743 
0.055788 0.717676 
0.504762 0.0569919 
0.615166 0.394783 
0.541881 0.859991 
0.371257 0.125277 
0.681161 0.958367 
0.91049 0.898111 
0.466769 0.0515341 
0.968824 0.0937966 
0.266979 0.678913 
0.629637 0.404377 
0.0400073 0.800045 
0.583379 0.748458 
0.755556 0.39686 
0.1938 0.968404 
0.649034 0.647827 
0.474353 0.843595 
3.00515e-05 0.654138 
0.0253773 0.819115 
0.881304 0.776383 
0.230921 0.616208 
0.925823 0.500734 
0.502529 0.128534 
0.534553 0.189526 
0.237169 0.419398 
0.809508 0.749351 
0.163538 0.475797 
0.78675 0.838497 
0.761189 0.817842 
0.761105 0.00316045 
0.167694 0.545234 
0.567972 0.308716 
0.187166 0.607763 
0.780807 0.724367 
0.772535 0.953258 
0.653285 0.540783 
0.788827 0.508173 
0.708284 0.316489 
0.811815 0.305923 
0.153566 0.819047 
0.452221 0.836791 
0.797547 0.165194 
0.726161 0.553237 
0.0489578 0.100259 
0.181322 0.180558 
0.770954 0.432291 
0.928673 0.277391 
0.207472 0.708626 
0.570349 0.465758 
0.650332 0.324328 
0.374407 0.955348 
0.886298 0.649546 
0.519359 0.556558 
0.71917 0.25663 
0.774281 0.866224 
0.461845 0.771176 
0.0463087 0.214645 
0.0633316 0.0541307 
0.493221 0.833025 
0.897293 0.542846 
0.920157 0.327296 
0.406126 0.000793744 
0.401317 0.568784 
0.459325 0.790117 
0.123304 0.893869 
0.346463 0.26521 
0.64234 0.591512 
0.107375 0.750772 
0.761231 0.383061 
0.381104 0.241107 
0.703014 0.444941 
0.531532 0.948869 
0.285589 0.24479 
0.959161 0.00622219 
0.00714264 0.248067 
0.59501 0.779388 
0.0399817 0.362422 
0.718125 0.738928 
0.31265 0.941477 
0.404503 0.440083 
0.693742 0.421638 
0.774502 0.984611 
0.47752 0.753584 
0.255539 0.368964 
0.639475 0.33093 
0.252559 0.016281 
0.7211 0.211291 
0.729974 0.595538 
0.569767 0.0396451 
0.394511 0.643117 
0.749132 0.328813 
0.97995 0.448451 
0.356744 0.551589 
0.127326 0.631647 
0.351553 0.0678244 
0.276158 0.406317 
0.70808 0.154507 
0.887652 0.760953 
0.265099 0.390955 
0.553981 0.918224 
0.927237 0.934776 
0.110774 0.313714 
0.864661 0.242779 
0.458201 0.689578 
0.247957 0.224099 
0.937825 0.281465 
0.599689 0.115213 
0.824637 0.984004 
0.354751 0.99712 
0.679941 0.98842 
0.219195 0.955228 
0.658065 0.567977 
0.954583 0.796179 
0.147716 0.0320915 
0.326341 0.868928 
0.144009 0.408584 
0.87604 0.473795 
0.619427 0.707123 
0.526196 0.489013 
0.170728 0.754 
0.676874 0.710473 
0.994973 0.23559 
0.99072 0.389597 
0.0119967 0.766475 
0.732872 0.63709 
0.861355 0.20002 
0.413383 0.775118 
0.900008 0.087442 
0.520973 0.207619 
0.307999 0.37722 
0.236896 0.0487909 
0.525003 0.763475 
0.664421 0.777748 
0.3551 0.111534 
0.915363 0.779588 
0.114275 0.644729 
0.0491282 0.636516 
0.248996 0.0155012 
0.400876 0.434212 
0.95493 0.672819 
0.980216 0.399519 
0.492309 0.737584 
0.63162 0.699101 
0.69265 0.813807 
0.153253 0.784545 
0.154498 0.724079 
0.358905 0.784529 
0.570467 0.974283 
0.604922 0.811597 
0.550916 0.327997 
0.004445 0.600343 
0.616833 0.667423 
0.143966 0.947357 
0.365296 0.491249 
0.410187 0.242316 
0.661824 0.0157832 
0.48419 0.870205 
0.198358 0.129959 
0.948254 0.665403 
0.00608234 0.317113 
0.224169 0.531805 
0.760223 0.667279 
0.47121 0.0062659 
0.256373 0.64272 
0.605707 0.681873 
0.263332 0.102554 
0.57615 0.791081 
0.652375 0.740348 
0.0112266 0.0443885 
0.999109 0.948193 
0.554276 0.596147 
0.0375712 0.249949 
0.208125 0.670106 
0.420136 0.986763 
0.814966 0.114021 
0.562582 0.199226 
0.439067 0.129529 
0.31396 0.229502 
0.228393 0.483177 
0.646428 0.881675 
0.510904 0.499336 
0.462357 0.309528 
0.654277 0.890786 
0.185643 0.321334 
0.036445 0.924616 
0.579533 0.0290234 
0.954061 0.0388602 
0.208429 0.0241465 
0.807881 0.777736 
0.663434 0.942945 
0.583892 0.317879 
0.632904 0.33217 
0.995301 0.740577 
0.495905 0.692618 
0.296314 0.372981 
0.564662 0.63169 
0.578992 0.335638 
0.428326 0.1687 
0.679178 0.553111 
0.621789 0.165923 
0.994941 0.891638 
0.244637 0.148997 
0.788111 0.00105368 
0.599462 0.875259 
0.479649 0.470412 
0.51726 0.112244 
0.992463 0.137303 
0.536186 0.694636 
0.640341 0.133729 
0.850449 0.141432 
0.139025 0.0935968 
0.0032446 0.551643 
0.402337 0.786018 
0.200562 0.809307 
0.792489 0.189848 
0.3232 0.491355 
0.225884 0.150437 
0.246674 0.360052 
0.116193 0.761742 
0.567588 0.13851 
0.84826 0.118168 
0.874408 0.610976 
0.605289 0.927386 
0.262188 0.314556 
0.990069 0.470786 
0.737753 0.458981 
0.786796 0.462225 
0.0228386 0.794013 
0.407239 0.0484468 
0.383715 0.957791 
0.842033 0.2629 
0.0703867 0.898932 
0.906097 0.644525 
0.0268577 0.379715 
0.877883 0.776379 
0.451955 0.294891 
0.247542 0.198365 
0.747617 0.131094 
0.998558 0.727191 
0.221889 0.24836 
0.437889 0.949543 
0.490202 0.610713 
0.88545 0.00311271 
0.0457805 0.315829 
0.244736 0.702701 
0.340549 0.371471 
0.739092 0.190046 
0.940087 0.540335 
0.683743 0.64026 
0.0892946 0.051772 
0.386917 0.0672169 
0.881208 0.943564 
0.82281 0.113731 
0.134542 0.592861 
0.503316 0.99794 
0.708671 0.202724 
0.347424 0.0233685 
0.680359 0.64188 
0.456231 0.824254 
0.379584 0.445964 
0.515489 0.785059 
0.24597 0.0270307 
0.545134 0.0469226 
0.458062 0.133485 
0.465729 0.00084447 
0.156067 0.568418 
0.74555 0.639859 
0.421674 0.28954 
0.791727 0.55044 
0.211089 0.0488038 
0.832023 0.0275926 
0.305041 0.138385 
0.105931 0.534686 
0.242544 0.528535 
0.197704 0.320199 
0.000960873 0.972477 
0.314183 0.0668828 
0.99068 0.45972 
0.641091 0.596738 
0.87239 0.166127 
0.91644 0.414609 
0.000497473 0.610972 
0.484691 0.807968 
0.127243 0.99168 
0.219219 0.73896 
0.640662 0.166593 
0.46012 0.133537 
0.426753 0.199369 
0.346276 0.0158404 
0.00324937 0.709085 
0.959871 0.157731 
0.987304 0.20021 
0.818303 0.132548 
0.159298 0.0411655 
0.218628 0.266756 
0.196482 0.0596395 
0.601297 0.216324 
0.19079 0.193021 
0.530136 0.135753 
0.647226 0.293313 
0.915036 0.849439 
0.151033 0.393259 
0.774769 0.312448 
0.781641 0.170029 
0.987127 0.608408 
0.40221 0.743438 
0.161618 0.783896 
0.532074 0.583896 
0.105297 0.374417 
0.134294 0.729579 
0.921579 0.0680957 
0.609666 0.688667 
0.0021759 0.125113 
0.0143898 0.396812 
0.0180376 0.100618 
0.245245 0.566977 
0.915788 0.701992 
0.150033 0.759237 
0.439303 0.986937 
0.722727 0.0784037 
0.182408 0.520161 
0.441704 0.672155 
0.338173 0.768673 
0.282528 0.483679 
0.989678 0.465844 
0.742136 0.232474 
0.021541 0.789442 
0.692057 0.309563 
0.0590078 0.342606 
0.302076 0.175089 
0.344789 0.180982 
0.816359 0.366353 
0.701929 0.983718 
0.496356 0.928009 
0.669893 0.68332 
0.579575 0.179299 
0.251373 0.632915 
0.131083 0.17624 
0.460163 0.577849 
0.758024 0.634718 
0.968556 0.484188 
0.228119 0.908166 
0.841773 0.189647 
0.321625 0.158439 
0.204945 0.0237013 
0.327508 0.728665 
0.0990195 0.573484 
0.307741 0.243514 
0.286691 0.176804 
0.409712 0.975965 
0.841123 0.993969 
0.332141 0.474131 
0.34706 0.216946 
0.747659 0.585116 
0.171463 0.25626 
0.0111298 0.85938 
0.112611 0.273462 
0.938674 0.123923 
0.145512 0.487139 
0.59006 0.415641 
0.715782 0.357541 
0.887649 0.995815 
0.882332 0.747767 
0.758368 0.43067 
0.231325 0.525792 
0.791899 0.83073 
0.328242 0.586539 
0.775266 0.870581 
0.95572 0.0119475 
0.329881 0.165488 
0.37465 0.280279 
0.527733 0.497294 
0.672838 0.762417 
0.911248 0.469504 
0.0544509 0.73366 
0.282947 0.441396 
0.281884 0.0203317 
0.0361607 0.7437 
0.279431 0.250148 
0.0367494 0.769382 
0.350179 0.144272 
0.995449 0.885865 
0.00452207 0.576099 
0.874135 0.790627 
0.70632 0.923747 
0.183502 0.296727 
0.489931 0.671093 
0.408345 0.966407 
0.262434 0.099704 
0.25681 0.279976 
0.0164025 0.134831 
0.613318 0.541329 
0.191803 0.102628 
0.891508 0.933397 
0.414163 0.114249 
0.308592 0.814266 
0.777165 0.955151 
0.980741 0.74588 
0.575169 0.302589 
0.354721 0.441914 
0.923255 0.697318 
0.922286 0.598827 
0.540734 0.985479 
0.383031 0.938985 
0.16047 0.744379 
0.629462 0.154135 
0.834975 0.060288 
0.395166 0.738584 
0.517398 0.355752 
0.932128 0.812313 
0.679887 0.669411 
0.602161 0.935215 
0.00416623 0.839631 
0.6342 0.695829 
0.0243692 0.474737 
0.374321 0.604717 
0.802766 0.261807 
0.14348 0.112865 
0.70625 0.860147 
0.58369 0.93468 
0.43831 0.302578 
0.18516 0.7471 
0.483488 0.0295943 
0.369242 0.0102341 
0.664491 0.352718 
0.715805 0.0508757 
0.935756 0.869642 
0.130458 0.690657 
0.224334 0.73289 
0.858795 0.179932 
0.403977 0.267926 
0.190666 0.316876 
0.53841 0.34112 
0.230145 0.985952 
0.689396 0.067522 
0.336445 0.521806 
0.0816621 0.0446401 
0.59927 0.8746 
0.820383 0.951031 
0.987741 0.802922 
0.122305 0.504775 
0.163892 0.134592 
0.995626 0.442918 
0.477916 0.119402 
0.935758 0.498749 
0.779586 0.671687 
0.52105 0.976721 
0.12504 0.359651 
0.158011 0.485414 
0.520022 0.155932 
0.663251 0.101464 
0.499835 0.732074 
0.659199 0.732952 
0.12728 0.65343 
0.944337 0.841999 
0.878118 0.574664 
0.183007 0.989807 
0.224403 0.783511 
0.78468 0.177352 
0.70706 0.143467 
0.471191 0.660572 
0.284591 0.353166 
0.781433 0.190531 
