0.0850324 0.891611 
0.743512 0.56039 
0.995085 0.966611 
0.426051 0.652999 
0.961533 0.857987 
0.514893 0.789785 
0.544273 0.0936299 
0.43226 0.844927 
0.772846 0.191859 
0.780367 0.181343 
0.579141 0.314131 
0.411985 0.992305 
0.163922 0.334848 
0.0762182 0.174524 
0.0372999 0.467415 
0.674113 0.0667033 
0.389782 0.165399 
0.990804 0.870639 
0.672653 0.587706 
0.27172 0.270481 
0.0959302 0.632556 
0.151273 0.948862 
0.0426043 0.735089 
0.465497 0.22254 
0.571484 0.604569 
0.173652 0.751495 
0.824917 0.753096 
0.319049 0.532551 
0.147554 0.792628 
0.912531 0.794381 
0.0094084 0.510053 
0.295594 0.559919 
0.504173 0.310016 
0.982579 0.964455 
0.448564 0.303514 
0.0562084 0.801919 
0.983813 0.0510626 
0.239803 0.104699 
0.329979 0.317638 
0.977858 0.735087 
0.953617 0.0494682 
0.572538 0.0608454 
0.811628 0.979186 
0.619046 0.754556 
0.915988 0.0364922 
0.830576 0.903643 
0.175992 0.566783 
0.464552 0.183268 
0.196504 0.141293 
0.669344 0.801833 
0.155896 0.471428 
0.0693813 0.191786 
0.00814663 0.439653 
0.389613 0.135657 
0.249231 0.461392 
0.698389 0.206857 
0.47312 0.36172 
0.000310001 0.972109 
0.9402 0.596257 
0.903858 0.331532 
0.304043 0.675398 
0.449785 0.409032 
0.618305 0.744505 
0.0473447 0.676037 
0.0181979 0.534675 
0.938174 0.378044 
0.492311 0.675751 
0.727119 0.321514 
0.145237 0.237183 
0.578177 0.752816 
0.790235 0.133438 
0.304522 0.644799 
0.822678 0.782788 
0.524381 0.20916 
0.634027 0.639567 
0.399406 0.0070856 
0.644201 0.624378 
0.626034 0.589567 
0.966505 0.615464 
0.46828 0.621017 
0.158794 0.142496 
0.86501 0.0967811 
0.454215 0.325748 
0.514359 0.13365 
0.0697475 0.0295329 
0.983548 0.958699 
0.405739 0.20097 
0.356173 0.73465 
0.852671 0.173169 
0.179815 0.633661 
0.48024 0.431296 
0.753998 0.0289346 
0.0820452 0.608019 
0.27669 0.650933 
0.071351 0.142347 
0.125875 0.945738 
0.936528 0.91847 
0.738761 0.498233 
0.688348 0.730259 
0.907376 0.883554 
0.420333 0.480598 
0.771371 0.216878 
0.0153988 0.898071 
0.593205 0.0855107 
0.165678 0.289766 
0.987377 0.925162 
0.839067 0.831568 
0.183894 0.65713 
0.700861 0.0546572 
0.670838 0.0105974 
0.0459554 0.663368 
0.940818 0.306636 
0.951851 0.108658 
0.933384 0.374462 
0.148801 0.243328 
0.393446 0.156439 
0.384292 0.9753 
0.826041 0.319116 
0.184839 0.472118 
0.843494 0.344329 
0.665252 0.434407 
0.39332 0.762639 
0.793802 0.941105 
0.516577 0.963232 
0.193779 0.329543 
0.540672 0.899801 
0.201562 0.478998 
0.289239 0.946806 
0.766961 0.219825 
0.161285 0.111707 
0.920424 0.92924 
0.485562 0.568964 
0.14643 0.738897 
0.891826 0.383913 
0.0385231 0.252323 
0.830802 0.765449 
0.470517 0.923535 
0.404527 0.892015 
0.608089 0.299643 
0.41236 0.712823 
0.607795 0.479709 
0.303242 0.161047 
0.458142 0.27915 
0.86452 0.439408 
0.0262505 0.205282 
0.573655 0.163278 
0.405304 0.235695 
0.485246 0.637483 
0.0912164 0.632732 
0.153727 0.617354 
0.535478 0.233607 
0.430678 0.293607 
0.932374 0.629655 
0.494331 0.919976 
0.737948 0.96319 
0.831739 0.117769 
0.903466 0.765855 
0.43966 0.87727 
0.0373822 0.0582227 
0.558282 0.199841 
0.195703 0.300967 
0.518615 0.717647 
0.379368 0.615479 
0.285639 0.747458 
0.511947 0.576751 
0.970931 0.963475 
0.725824 0.028323 
0.769641 0.713023 
0.480289 0.264079 
0.938381 0.540332 
0.641024 0.387907 
0.209801 0.949028 
0.91378 0.350553 
0.275542 0.0391331 
0.64879 0.690569 
0.866886 0.847565 
0.770069 0.0574203 
0.0461741 0.966129 
0.879432 0.969592 
0.734735 0.0010921 
0.456776 0.938507 
0.972064 0.864972 
0.0242205 0.960805 
0.648536 0.588493 
0.279666 0.440737 
0.863561 0.768427 
0.271256 0.0591111 
0.216611 0.707951 
0.293286 0.453037 
0.130023 0.848383 
0.25171 0.28967 
0.156653 0.012467 
0.72755 0.377291 
0.465865 0.349263 
0.626122 0.777133 
0.273623 0.873216 
0.780272 0.538314 
0.951297 0.471028 
0.616622 0.882469 
0.477555 0.059823 
0.181906 0.199854 
0.966909 0.751426 
0.807205 0.275357 
0.103811 0.360704 
0.0739426 0.969518 
0.502809 0.694652 
0.238067 0.424599 
0.177678 0.698122 
0.174436 0.0853613 
0.868365 0.171566 
0.820108 0.35098 
0.497383 0.168595 
0.0852593 0.17025 
0.154878 0.840426 
0.266086 0.443551 
0.695623 0.812974 
0.139959 0.246827 
0.0830893 0.947277 
0.187182 0.481181 
0.281852 0.662019 
0.890016 0.345154 
0.352114 0.00567196 
0.212172 0.0778649 
0.00969241 0.821175 
0.712817 0.628033 
0.596228 0.476353 
0.524537 0.381069 
0.0750378 0.310293 
0.925825 0.314265 
0.743183 0.632745 
0.0137543 0.181354 
0.393426 0.830624 
0.984777 0.00672626 
0.193926 0.329294 
0.761963 0.761043 
0.629271 0.997822 
0.830123 0.432113 
0.03379 0.568975 
0.0614455 0.982639 
0.442336 0.416256 
0.0899155 0.605371 
0.0698596 0.469328 
0.202492 0.113603 
0.864868 0.469249 
0.932906 0.0839401 
0.309944 0.693469 
0.714836 0.417866 
0.00771932 0.0283131 
0.413971 0.386983 
0.880767 0.965618 
0.590841 0.268697 
0.598582 0.773216 
0.220366 0.462876 
0.523232 0.962734 
0.17037 0.00102755 
0.194032 0.591003 
0.693759 0.801826 
0.49365 0.551381 
0.297964 0.830561 
0.762863 0.252165 
0.881491 0.193723 
0.978034 0.118089 
0.488961 0.196549 
0.210704 0.511793 
0.741087 0.330083 
0.436775 0.656042 
0.905949 0.40332 
0.477535 0.821595 
0.0357031 0.0431364 
0.198879 0.798054 
0.00509617 0.701739 
0.452526 0.998998 
0.235203 0.355647 
0.568267 0.547833 
0.492642 0.102296 
0.108561 0.347077 
0.823512 0.886479 
0.70739 0.180723 
0.888733 0.768194 
0.424851 0.263964 
0.344586 0.452748 
0.167924 0.0987453 
0.90787 0.0322133 
0.169066 0.322536 
0.0854003 0.16939 
0.927069 0.367295 
0.295652 0.555814 
0.54837 0.165077 
0.673868 0.0691267 
0.506288 0.965578 
0.81667 0.437649 
0.60943 0.746686 
0.568082 0.317728 
0.164096 0.637623 
0.460993 0.875574 
0.965323 0.709484 
0.0312936 0.751843 
0.900392 0.0498195 
0.905971 0.618654 
0.756973 0.780924 
0.509298 0.833863 
0.748288 0.770988 
0.880797 0.884103 
0.811015 0.982077 
0.176828 0.469851 
0.621242 0.412138 
0.520953 0.551894 
0.788843 0.138554 
0.446438 0.0985661 
0.967558 0.0575847 
0.174549 0.131063 
0.0683005 0.258233 
0.199171 0.790558 
0.0648664 0.554006 
0.91653 0.927077 
0.191403 0.833546 
0.273908 0.353023 
0.882768 0.902372 
0.543277 0.956004 
0.457926 0.721343 
0.535967 0.341131 
0.977154 0.328377 
0.0419638 0.271127 
0.00396024 0.205169 
0.336783 0.0108462 
0.849704 0.358579 
0.802512 0.223454 
0.920234 0.321345 
0.867348 0.00931581 
0.402768 0.634426 
0.0766197 0.32224 
0.0636168 0.368063 
0.302424 0.989437 
0.706756 0.15296 
0.577212 0.758009 
0.923035 0.463339 
0.0631324 0.362841 
0.671447 0.204294 
0.480944 0.325256 
0.954283 0.0469705 
0.940035 0.762385 
0.592794 0.98946 
0.746045 0.387476 
0.15147 0.623647 
0.931327 0.702275 
0.580681 0.980493 
0.0767831 0.0181904 
0.978185 0.85334 
0.873721 0.099504 
0.687142 0.75765 
0.347997 0.994683 
0.317745 0.734023 
0.174333 0.869387 
0.416906 0.86365 
0.458574 0.0372111 
0.289558 0.753242 
0.365355 0.578206 
0.801967 0.993814 
0.367265 0.159118 
0.934928 0.267763 
0.256533 0.33254 
0.67576 0.0582924 
0.610078 0.917989 
0.961187 0.87107 
0.177456 0.803048 
0.924608 0.978534 
0.420971 0.346472 
0.405378 0.117067 
0.942431 0.84369 
0.760746 0.620877 
0.513018 0.611539 
0.43894 0.257473 
0.924523 0.814678 
0.376631 0.972776 
0.877996 0.321136 
0.148007 0.462022 
0.421008 0.848326 
0.731976 0.549003 
0.291262 0.153573 
0.145684 0.25468 
0.826524 0.0226366 
0.122347 0.193965 
0.2976 0.00584454 
0.276647 0.354661 
0.0675762 0.487484 
0.851033 0.113255 
0.778048 0.157147 
0.721103 0.229431 
0.222402 0.924839 
0.392633 0.691149 
0.737918 0.39526 
0.460821 0.416889 
0.446874 0.100021 
0.57431 0.395236 
0.77694 0.724751 
0.663319 0.957441 
0.981746 0.780637 
0.497855 0.735832 
0.314323 0.15591 
0.347605 0.954481 
0.318872 0.729446 
0.683283 0.240376 
0.581099 0.798449 
0.507355 0.791056 
0.343373 0.557355 
0.832239 0.4299 
0.929742 0.191887 
0.780614 0.0348646 
0.162707 0.587445 
0.00101656 0.747973 
0.431974 0.497626 
0.619798 0.883261 
0.0414355 0.341957 
0.069504 0.554926 
0.258226 0.00784963 
0.828622 0.608706 
0.188876 0.897254 
0.963319 0.5625 
0.404984 0.427829 
0.464826 0.381766 
0.923877 0.538259 
0.474198 0.155512 
0.947652 0.839581 
0.638508 0.428719 
0.973529 0.000261231 
0.268613 0.118715 
0.875407 0.327681 
0.306671 0.585496 
0.987237 0.113256 
0.485442 0.341906 
0.827708 0.102667 
0.497382 0.459361 
0.435362 0.0475406 
0.256028 0.43479 
0.0547117 0.350732 
0.83888 0.998776 
0.364972 0.763204 
0.169433 0.529846 
0.0105388 0.283594 
0.831822 0.450004 
0.667335 0.137349 
0.572556 0.971873 
0.841625 0.551999 
0.304146 0.984274 
0.713964 0.538214 
0.952354 0.958884 
0.803229 0.125382 
0.518172 0.882835 
0.71476 0.234538 
0.363714 0.790457 
0.321833 0.342086 
0.979834 0.175605 
0.304493 0.52058 
0.850055 0.0819652 
0.00939233 0.0402329 
0.790422 0.365893 
0.926153 0.819252 
0.298072 0.78786 
0.997756 0.543465 
0.0967319 0.262294 
0.150387 0.567246 
0.865782 0.463254 
0.809594 0.458866 
0.507715 0.117997 
0.520007 0.60389 
0.658447 0.806046 
0.15748 0.792281 
0.305807 0.746364 
0.0117875 0.6836 
0.691813 0.938028 
0.398937 0.000633027 
0.500547 0.369044 
0.466321 0.59518 
0.671054 0.743325 
0.850854 0.919226 
0.737864 0.569991 
0.454674 0.574525 
0.145542 0.889195 
0.168588 0.51906 
0.699169 0.0941509 
0.947205 0.723612 
0.842461 0.00328016 
0.799525 0.622677 
0.876375 0.917101 
0.907131 0.288195 
0.318623 0.717154 
0.951335 0.745379 
0.18654 0.656904 
0.877846 0.0590312 
0.838792 0.695363 
0.184097 0.785742 
0.947946 0.579593 
0.579417 0.035139 
0.37025 0.937779 
0.488847 0.981907 
0.766842 0.465453 
0.0331825 0.195044 
0.590702 0.15376 
0.146906 0.227692 
0.0433267 0.324838 
0.687046 0.334459 
0.391731 0.94258 
0.990613 0.898495 
0.66411 0.442309 
0.454743 0.33392 
0.884456 0.266835 
0.930169 0.480891 
0.732396 0.592212 
0.341364 0.128958 
0.823251 0.916758 
0.890165 0.280314 
0.850078 0.60222 
0.0462913 0.681307 
0.934459 0.174183 
0.797094 0.226548 
0.964384 0.12588 
0.874042 0.108249 
0.47293 0.922766 
0.596743 0.56435 
0.733219 0.0183556 
0.453837 0.230046 
0.115561 0.316531 
0.117336 0.276809 
0.664337 0.8162 
0.758346 0.454694 
0.0951899 0.854454 
0.0604206 0.493956 
0.734947 0.230474 
0.791143 0.259133 
0.42058 0.0943014 
0.656036 0.953066 
0.54143 0.864878 
0.562864 0.58327 
0.767533 0.549309 
0.538756 0.381796 
0.575987 0.046482 
0.418028 0.0709409 
0.329449 0.165514 
0.755295 0.0383602 
0.49035 0.125105 
0.673138 0.320711 
0.230346 0.796613 
0.673469 0.201598 
0.905529 0.624458 
0.622229 0.740476 
0.0670421 0.758122 
0.36656 0.806832 
0.768748 0.914168 
0.0197105 0.337281 
0.352821 0.282481 
0.909471 0.753389 
0.838917 0.577333 
0.896437 0.864017 
0.0884917 0.0587052 
0.730043 0.325499 
0.925389 0.580887 
0.455776 0.740072 
0.808743 0.223184 
0.0545567 0.555132 
0.700139 0.327293 
0.466989 0.87425 
0.0629628 0.698014 
0.000164407 0.726559 
0.0607068 0.250221 
0.63755 0.993162 
0.741036 0.357284 
0.0364297 0.802591 
0.725909 0.460256 
0.244233 0.118917 
0.906417 0.0438879 
0.771278 0.718259 
0.106306 0.849716 
0.386221 0.856018 
0.875224 0.108766 
0.351769 0.772957 
0.162903 0.750605 
0.746946 0.182344 
0.398303 0.572747 
0.98045 0.341909 
0.598416 0.0751199 
0.61611 0.885585 
0.810727 0.0200289 
0.283919 0.94333 
0.0175754 0.313285 
0.255407 0.363331 
0.48611 0.905252 
0.168494 0.809087 
0.547626 0.1816 
0.602265 0.755716 
0.872616 0.0179687 
0.280563 0.887964 
0.100581 0.156289 
0.52025 0.763611 
0.209784 0.0526158 
0.157426 0.813402 
0.255219 0.48511 
0.4114 0.445645 
0.932272 0.644709 
0.121391 0.83746 
0.200999 0.180121 
0.512971 0.35758 
0.627276 0.72017 
0.161489 0.626798 
0.0239553 0.831342 
0.942354 0.160336 
0.403285 0.65507 
0.0895896 0.359927 
0.711508 0.0221574 
0.0484439 0.962694 
0.920292 0.896727 
0.310606 0.929054 
0.763557 0.0946686 
0.428936 0.900186 
0.781485 0.602851 
0.337636 0.056839 
0.0986706 0.0348275 
0.351997 0.542832 
0.571549 0.44956 
0.301034 0.0684951 
0.679249 0.817641 
0.18124 0.138424 
0.3037 0.833812 
0.784534 0.0545987 
0.587466 0.628278 
0.810678 0.997712 
0.363039 0.519566 
0.134503 0.147014 
0.939398 0.0503768 
0.0335074 0.974292 
0.512937 0.672527 
0.23121 0.968925 
0.026824 0.220851 
0.703981 0.892556 
0.969214 0.180042 
0.155337 0.208321 
0.029289 0.23831 
0.552331 0.984022 
0.486127 0.75925 
0.976015 0.821536 
0.285146 0.0932537 
0.655428 0.996172 
0.577356 0.886741 
0.304328 0.98422 
0.535585 0.321111 
0.362498 0.155631 
0.862125 0.31574 
0.726494 0.185107 
0.159809 0.711104 
0.799528 0.188776 
0.958912 0.575717 
0.191945 0.831187 
0.854813 0.908645 
0.00535883 0.169646 
0.901749 0.325107 
0.337229 0.0616616 
0.613879 0.616843 
0.521935 0.991992 
0.387331 0.135774 
0.724131 0.0418574 
0.567342 0.00904173 
0.0242403 0.768301 
0.746995 0.321222 
0.427045 0.788734 
0.276457 0.355688 
0.784567 0.636274 
0.69373 0.60346 
0.304035 0.571154 
0.183984 0.301898 
0.926636 0.75518 
0.829953 0.794369 
0.688433 0.196021 
0.447921 0.787378 
0.98635 0.814782 
0.540822 0.633877 
0.823474 0.453408 
0.369629 0.743064 
0.991664 0.416349 
0.547755 0.115794 
0.016549 0.162842 
0.455053 0.310424 
0.953892 0.46811 
0.135043 0.946741 
0.707936 0.925668 
0.47482 0.783515 
0.854279 0.451295 
0.800785 0.623988 
0.568968 0.1799 
0.471287 0.446122 
0.971776 0.365135 
0.418835 0.551614 
0.693776 0.0151687 
0.956701 0.608211 
0.612499 0.713528 
0.937137 0.584853 
0.758393 0.29923 
0.291015 0.70646 
0.949971 0.81329 
0.802904 0.48794 
0.611795 0.364972 
0.895505 0.78197 
0.210045 0.562426 
0.573895 0.919556 
0.602501 0.802659 
0.031372 0.0601131 
0.833309 0.766338 
0.896948 0.848126 
0.946815 0.987667 
0.677797 0.00566544 
0.445655 0.780694 
0.796607 0.368397 
0.861321 0.120619 
0.541405 0.605444 
0.43222 0.0508262 
0.765377 0.0555969 
0.383633 0.631585 
0.182938 0.49016 
0.0174403 0.988066 
0.451544 0.0378205 
0.728643 0.476818 
0.0399084 0.28528 
0.218974 0.867655 
0.402271 0.728754 
0.281271 0.321194 
0.556084 0.319765 
0.519716 0.32619 
0.838261 0.552029 
0.615212 0.183005 
0.868595 0.596967 
0.353337 0.689809 
0.662933 0.150923 
0.77834 0.243472 
0.234887 0.281899 
0.244862 0.303409 
0.897877 0.159924 
0.719092 0.596425 
0.393255 0.443583 
0.0414156 0.180892 
0.893804 0.956322 
0.329924 0.873483 
0.772834 0.969112 
0.387185 0.86079 
0.158949 0.8014 
0.564375 0.541071 
0.535637 0.0548071 
0.3807 0.887811 
0.85994 0.920713 
0.98654 0.379343 
0.398664 0.018804 
0.692397 0.473344 
0.564525 0.399578 
0.848978 0.0778398 
0.940713 0.173088 
0.519521 0.319656 
0.824097 0.897701 
0.146231 0.103206 
0.578371 0.108474 
0.319866 0.91337 
0.451702 0.691001 
0.704259 0.92247 
0.839766 0.824104 
0.234047 0.334937 
0.619492 0.583183 
0.482892 0.646666 
0.349896 0.361434 
0.875197 0.0163321 
0.58209 0.0654644 
0.313704 0.104431 
0.806326 0.255126 
0.322227 0.241913 
0.609054 0.103331 
0.0947113 0.730982 
0.776801 0.470104 
0.544282 0.33135 
0.576825 0.030238 
0.124991 0.942986 
0.423677 0.268044 
0.0696739 0.953772 
0.0832511 0.781047 
0.90247 0.951189 
0.936337 0.478085 
0.91745 0.929818 
0.468578 0.640551 
0.822971 0.31216 
0.273194 0.449561 
0.690258 0.443677 
0.488881 0.602777 
0.550114 0.372489 
0.762807 0.0264673 
0.923231 0.981703 
0.515434 0.822839 
0.770169 0.491342 
0.568011 0.882674 
0.955137 0.0545349 
0.128494 0.372523 
0.204822 0.659641 
0.34486 0.698054 
0.688943 0.285757 
0.877374 0.832844 
0.908742 0.930875 
0.554471 0.460415 
0.48201 0.709323 
0.120156 0.0228144 
0.594728 0.558664 
0.0640219 0.000115707 
0.924814 0.726288 
0.230444 0.128998 
0.312432 0.823395 
0.613378 0.624861 
0.683584 0.4706 
0.323504 0.470262 
0.0742058 0.870713 
0.361475 0.0669166 
0.414605 0.724982 
0.116519 0.921234 
0.752648 0.972307 
0.500599 0.066611 
0.522775 0.069416 
0.275837 0.737241 
0.845825 0.357484 
0.764818 0.0927604 
0.0575374 0.544536 
0.0474073 0.57126 
0.71711 0.339005 
0.723303 0.889669 
0.647368 0.956514 
0.828662 0.803185 
0.784856 0.427389 
0.927576 0.614066 
0.0493558 0.797008 
0.788974 0.0315597 
0.790038 0.422985 
0.816464 0.0981424 
0.282212 0.523019 
0.209923 0.890686 
0.60878 0.0533336 
0.749374 0.97783 
0.974434 0.389997 
0.278984 0.566547 
0.736755 0.80973 
0.669669 0.805825 
0.862673 0.286193 
0.832602 0.555807 
0.699274 0.265002 
0.367426 0.633034 
0.293959 0.16897 
0.414189 0.335919 
0.0659761 0.244309 
0.949851 0.772956 
0.842192 0.956654 
0.531984 0.922213 
0.689338 0.919857 
0.712944 0.172683 
0.0334528 0.542196 
0.219855 0.320047 
0.897066 0.370549 
0.278484 0.813259 
0.0287294 0.597973 
0.291052 0.766697 
0.0797327 0.336287 
0.664732 0.620365 
0.377139 0.173913 
0.015917 0.952799 
0.846584 0.972722 
0.173428 0.881869 
0.803554 0.465824 
0.488629 0.110338 
0.832879 0.890387 
0.297009 0.124677 
0.721709 0.573673 
0.349332 0.943185 
0.422647 0.044987 
0.767392 0.953766 
0.762439 0.598553 
0.0616396 0.221531 
0.365642 0.0140647 
0.135169 0.277738 
0.652001 0.89453 
0.337628 0.0895461 
0.611613 0.780939 
0.0119769 0.622325 
0.162238 0.230183 
0.415549 0.932887 
0.4206 0.899957 
0.289358 0.760967 
0.746673 0.583518 
0.928961 0.0693746 
0.979616 0.480591 
0.476008 0.262848 
0.786892 0.315433 
0.974621 0.878469 
0.540628 0.919795 
0.523479 0.0293989 
0.267251 0.362311 
0.0589517 0.714691 
0.758755 0.950357 
0.35587 0.483526 
0.66099 0.110671 
0.508867 0.0679327 
0.402141 0.825578 
0.685139 0.209164 
0.22123 0.318003 
0.371178 0.121672 
0.475427 0.457462 
0.195087 0.482662 
0.712246 0.553442 
0.057584 0.0102584 
0.0259315 0.467424 
0.271346 0.745323 
0.0220108 0.62261 
0.507908 0.259541 
0.609482 0.132383 
0.678536 0.941058 
0.28759 0.158856 
0.880839 0.261217 
0.162716 0.237348 
0.959127 0.00582359 
0.570806 0.561335 
0.909086 0.191134 
0.355522 0.825344 
0.901214 0.840622 
0.0807858 0.835641 
0.508452 0.643456 
0.909183 0.709783 
0.48621 0.320879 
0.507172 0.584406 
0.136419 0.923387 
0.830857 0.86135 
0.15771 0.833043 
0.425777 0.978595 
0.0942856 0.304158 
0.817067 0.458073 
0.987332 0.611465 
0.853362 0.924561 
0.185406 0.742632 
0.0658386 0.539511 
0.0105763 0.610068 
0.815789 0.493151 
0.984408 0.275935 
0.193597 0.0865592 
0.956158 0.961329 
0.716855 0.935483 
0.377159 0.0499863 
0.89501 0.604336 
0.329069 0.501669 
0.194046 0.773226 
0.718549 0.0359554 
0.988076 0.548849 
0.836047 0.611556 
0.699092 0.343599 
0.11516 0.101872 
0.567321 0.306713 
0.486449 0.0354078 
0.378857 0.435346 
0.355072 0.6873 
0.361467 0.599598 
0.0179436 0.491212 
0.991525 0.342191 
0.49475 0.122825 
0.288462 0.0642125 
0.424506 0.102127 
0.757472 0.0223823 
0.387384 0.923484 
0.395599 0.950116 
0.215209 0.226943 
0.698132 0.126704 
0.439232 0.185793 
0.658302 0.984739 
0.0933541 0.899611 
0.873804 0.0920699 
0.410588 0.63399 
0.183602 0.53442 
0.0453066 0.247852 
0.0219737 0.669174 
0.610816 0.284778 
0.776791 0.014795 
0.86529 0.81002 
0.879915 0.0417565 
0.889412 0.855682 
0.0887884 0.0893287 
0.379321 0.745189 
0.636799 0.908711 
0.892247 0.00155019 
0.958556 0.749108 
0.336997 0.302366 
0.129778 0.23565 
0.293886 0.71695 
0.405893 0.860079 
0.891544 0.944015 
0.297304 0.289647 
0.284668 0.363466 
0.143616 0.00714748 
0.714824 0.736844 
0.37984 0.571034 
0.534643 0.444801 
0.421655 0.0263234 
0.283343 0.805375 
0.496965 0.225288 
0.23069 0.886347 
0.825013 0.955939 
0.216719 0.946766 
