0.18969 0.398008 
0.809567 0.511713 
0.995085 0.966611 
0.426051 0.652999 
0.961533 0.857987 
0.294026 0.414645 
0.514893 0.789785 
0.772846 0.191859 
0.780367 0.181343 
0.411985 0.992305 
0.163922 0.334848 
0.0372999 0.467415 
0.389782 0.165399 
0.990804 0.870639 
0.27172 0.270481 
0.0426043 0.735089 
0.465497 0.22254 
0.571484 0.604569 
0.698002 0.664686 
0.173652 0.751495 
0.824917 0.753096 
0.147554 0.792628 
0.0094084 0.510053 
0.982579 0.964455 
0.983813 0.0510626 
0.239803 0.104699 
0.329979 0.317638 
0.977858 0.735087 
0.953617 0.0494682 
0.811628 0.979186 
0.225825 0.406369 
0.619046 0.754556 
0.915988 0.0364922 
0.830576 0.903643 
0.175992 0.566783 
0.464552 0.183268 
0.196504 0.141293 
0.155896 0.471428 
0.255728 0.993978 
0.698761 0.847351 
0.00814663 0.439653 
0.389613 0.135657 
0.249231 0.461392 
0.698389 0.206857 
0.182262 0.394393 
0.47312 0.36172 
0.000310001 0.972109 
0.304043 0.675398 
0.449785 0.409032 
0.618305 0.744505 
0.0473447 0.676037 
0.0181979 0.534675 
0.784188 0.893682 
0.727119 0.321514 
0.145237 0.237183 
0.211923 0.215503 
0.578177 0.752816 
0.790235 0.133438 
0.304522 0.644799 
0.822678 0.782788 
0.634027 0.639567 
0.738946 0.680354 
0.399406 0.0070856 
0.262852 0.863901 
0.644201 0.624378 
0.626034 0.589567 
0.966505 0.615464 
0.46828 0.621017 
0.158794 0.142496 
0.514359 0.13365 
0.983548 0.958699 
0.00201616 0.37944 
0.405739 0.20097 
0.356173 0.73465 
0.625217 0.356788 
0.117113 0.660441 
0.852671 0.173169 
0.179815 0.633661 
0.753998 0.0289346 
0.65124 0.85408 
0.27669 0.650933 
0.738761 0.498233 
0.805097 0.866969 
0.771371 0.216878 
0.0153988 0.898071 
0.987377 0.925162 
0.839067 0.831568 
0.222198 0.389359 
0.700861 0.0546572 
0.860483 0.675776 
0.670838 0.0105974 
0.0459554 0.663368 
0.148801 0.243328 
0.393446 0.156439 
0.384292 0.9753 
0.826041 0.319116 
0.184839 0.472118 
0.39332 0.762639 
0.516577 0.963232 
0.193779 0.329543 
0.540672 0.899801 
0.201562 0.478998 
0.803223 0.82358 
0.766961 0.219825 
0.161285 0.111707 
0.888836 0.651704 
0.14643 0.738897 
0.0385231 0.252323 
0.830802 0.765449 
0.404527 0.892015 
0.41236 0.712823 
0.303242 0.161047 
0.458142 0.27915 
0.86452 0.439408 
0.727976 0.827775 
0.0262505 0.205282 
0.573655 0.163278 
0.405304 0.235695 
0.485246 0.637483 
0.719688 0.534007 
0.153727 0.617354 
0.430678 0.293607 
0.737948 0.96319 
0.831739 0.117769 
0.979569 0.500738 
0.0373822 0.0582227 
0.379368 0.615479 
0.285639 0.747458 
0.970931 0.963475 
0.725824 0.028323 
0.769641 0.713023 
0.480289 0.264079 
0.641024 0.387907 
0.96262 0.683256 
0.866886 0.847565 
0.770069 0.0574203 
0.104384 0.409641 
0.548115 0.850982 
0.0461741 0.966129 
0.788809 0.536898 
0.312851 0.377259 
0.879432 0.969592 
0.734735 0.0010921 
0.242611 0.76445 
0.717889 0.516605 
0.972064 0.864972 
0.242022 0.752667 
0.0242205 0.960805 
0.648536 0.588493 
0.863561 0.768427 
0.216611 0.707951 
0.130023 0.848383 
0.156653 0.012467 
0.108918 0.59747 
0.465865 0.349263 
0.626122 0.777133 
0.273623 0.873216 
0.780272 0.538314 
0.951297 0.471028 
0.616622 0.882469 
0.181906 0.199854 
0.966909 0.751426 
0.807205 0.275357 
0.75389 0.678208 
0.103811 0.360704 
0.0739426 0.969518 
0.238067 0.424599 
0.174436 0.0853613 
0.868365 0.171566 
0.143704 0.595552 
0.626634 0.82149 
0.497383 0.168595 
0.154878 0.840426 
0.266086 0.443551 
0.139959 0.246827 
0.0830893 0.947277 
0.187182 0.481181 
0.281852 0.662019 
0.890016 0.345154 
0.352114 0.00567196 
0.240072 0.905018 
0.212172 0.0778649 
0.00969241 0.821175 
0.0137543 0.181354 
0.239059 0.883039 
0.393426 0.830624 
0.984777 0.00672626 
0.337464 0.381996 
0.651388 0.113374 
0.193926 0.329294 
0.761963 0.761043 
0.629271 0.997822 
0.830123 0.432113 
0.03379 0.568975 
0.0614455 0.982639 
0.442336 0.416256 
0.520749 0.508059 
0.202492 0.113603 
0.864868 0.469249 
0.714836 0.417866 
0.529465 0.798684 
0.00771932 0.0283131 
0.528079 0.749273 
0.880767 0.965618 
0.590841 0.268697 
0.598582 0.773216 
0.220366 0.462876 
0.523232 0.962734 
0.17037 0.00102755 
0.194032 0.591003 
0.725217 0.676876 
0.297964 0.830561 
0.762863 0.252165 
0.881491 0.193723 
0.978034 0.118089 
0.488961 0.196549 
0.754801 0.819947 
0.741087 0.330083 
0.436775 0.656042 
0.905949 0.40332 
0.477535 0.821595 
0.0357031 0.0431364 
0.198879 0.798054 
0.00509617 0.701739 
0.452526 0.998998 
0.10388 0.606889 
0.235203 0.355647 
0.568267 0.547833 
0.492642 0.102296 
0.108561 0.347077 
0.823512 0.886479 
0.70739 0.180723 
0.848783 0.238816 
0.888733 0.768194 
0.950308 0.513583 
0.424851 0.263964 
0.344586 0.452748 
0.167924 0.0987453 
0.39931 0.301253 
0.90787 0.0322133 
0.169066 0.322536 
0.506288 0.965578 
0.81667 0.437649 
0.238694 0.548793 
0.60943 0.746686 
0.568082 0.317728 
0.164096 0.637623 
0.218803 0.209062 
0.267558 0.760196 
0.965323 0.709484 
0.0312936 0.751843 
0.900392 0.0498195 
0.905971 0.618654 
0.756973 0.780924 
0.509298 0.833863 
0.880797 0.884103 
0.811015 0.982077 
0.176828 0.469851 
0.621242 0.412138 
0.788843 0.138554 
0.446438 0.0985661 
0.967558 0.0575847 
0.174549 0.131063 
0.641676 0.374172 
0.199171 0.790558 
0.191403 0.833546 
0.273908 0.353023 
0.381864 0.292186 
0.882768 0.902372 
0.535967 0.341131 
0.977154 0.328377 
0.0419638 0.271127 
0.00396024 0.205169 
0.336783 0.0108462 
0.802512 0.223454 
0.867348 0.00931581 
0.302424 0.989437 
0.706756 0.15296 
0.577212 0.758009 
0.671447 0.204294 
0.954283 0.0469705 
0.592794 0.98946 
0.746045 0.387476 
0.15147 0.623647 
0.580681 0.980493 
0.0767831 0.0181904 
0.978185 0.85334 
0.347997 0.994683 
0.174333 0.869387 
0.416906 0.86365 
0.458574 0.0372111 
0.289558 0.753242 
0.365355 0.578206 
0.801967 0.993814 
0.367265 0.159118 
0.256533 0.33254 
0.610078 0.917989 
0.961187 0.87107 
0.177456 0.803048 
0.924608 0.978534 
0.405378 0.117067 
0.942431 0.84369 
0.513018 0.611539 
0.43894 0.257473 
0.265724 0.385557 
0.376631 0.972776 
0.877996 0.321136 
0.148007 0.462022 
0.592116 0.848214 
0.731976 0.549003 
0.291262 0.153573 
0.145684 0.25468 
0.826524 0.0226366 
0.122347 0.193965 
0.2976 0.00584454 
0.276647 0.354661 
0.851033 0.113255 
0.778048 0.157147 
0.629827 0.145953 
0.721103 0.229431 
0.292159 0.416835 
0.392633 0.691149 
0.443361 0.520556 
0.737918 0.39526 
0.446874 0.100021 
0.57431 0.395236 
0.77694 0.724751 
0.663319 0.957441 
0.981746 0.780637 
0.314323 0.15591 
0.347605 0.954481 
0.683283 0.240376 
0.581099 0.798449 
0.507355 0.791056 
0.832239 0.4299 
0.780614 0.0348646 
0.162707 0.587445 
0.00101656 0.747973 
0.619798 0.883261 
0.991448 0.2441 
0.0414355 0.341957 
0.258226 0.00784963 
0.828622 0.608706 
0.188876 0.897254 
0.963319 0.5625 
0.404984 0.427829 
0.464826 0.381766 
0.474198 0.155512 
0.947652 0.839581 
0.973529 0.000261231 
0.268613 0.118715 
0.875407 0.327681 
0.987237 0.113256 
0.485442 0.341906 
0.497382 0.459361 
0.256028 0.43479 
0.83888 0.998776 
0.364972 0.763204 
0.169433 0.529846 
0.0105388 0.283594 
0.831822 0.450004 
0.667335 0.137349 
0.572556 0.971873 
0.800974 0.790931 
0.304146 0.984274 
0.713964 0.538214 
0.259723 0.970867 
0.952354 0.958884 
0.803229 0.125382 
0.518172 0.882835 
0.71476 0.234538 
0.363714 0.790457 
0.321833 0.342086 
0.979834 0.175605 
0.304493 0.52058 
0.144012 0.381806 
0.242993 0.661674 
0.00939233 0.0402329 
0.234696 0.695314 
0.298072 0.78786 
0.997756 0.543465 
0.0967319 0.262294 
0.150387 0.567246 
0.865782 0.463254 
0.809594 0.458866 
0.507715 0.117997 
0.520007 0.60389 
0.549757 0.817636 
0.15748 0.792281 
0.305807 0.746364 
0.0117875 0.6836 
0.398937 0.000633027 
0.500547 0.369044 
0.145542 0.889195 
0.168588 0.51906 
0.699169 0.0941509 
0.947205 0.723612 
0.842461 0.00328016 
0.799525 0.622677 
0.137602 0.602784 
0.951335 0.745379 
0.877846 0.0590312 
0.184097 0.785742 
0.802515 0.782143 
0.947946 0.579593 
0.579417 0.035139 
0.488847 0.981907 
0.766842 0.465453 
0.0331825 0.195044 
0.590702 0.15376 
0.146906 0.227692 
0.0433267 0.324838 
0.687046 0.334459 
0.990613 0.898495 
0.884456 0.266835 
0.341364 0.128958 
0.890165 0.280314 
0.850078 0.60222 
0.0462913 0.681307 
0.16357 0.415437 
0.797094 0.226548 
0.964384 0.12588 
0.874042 0.108249 
0.596743 0.56435 
0.733219 0.0183556 
0.453837 0.230046 
0.115561 0.316531 
0.758346 0.454694 
0.734947 0.230474 
0.712003 0.823278 
0.791143 0.259133 
0.42058 0.0943014 
0.54143 0.864878 
0.562864 0.58327 
0.641689 0.272783 
0.767533 0.549309 
0.2432 0.556599 
0.575987 0.046482 
0.329449 0.165514 
0.755295 0.0383602 
0.49035 0.125105 
0.673138 0.320711 
0.770086 0.852346 
0.230346 0.796613 
0.673469 0.201598 
0.905529 0.624458 
0.622229 0.740476 
0.36656 0.806832 
0.768748 0.914168 
0.0197105 0.337281 
0.259154 0.561306 
0.764938 0.679418 
0.795788 0.522046 
0.372459 0.251395 
0.730043 0.325499 
0.808743 0.223184 
0.700139 0.327293 
0.466989 0.87425 
0.0224929 0.377078 
0.000164407 0.726559 
0.63755 0.993162 
0.388871 0.221728 
0.2573 0.540651 
0.0364297 0.802591 
0.725909 0.460256 
0.244233 0.118917 
0.906417 0.0438879 
0.164009 0.412547 
0.771278 0.718259 
0.106306 0.849716 
0.386221 0.856018 
0.875224 0.108766 
0.351769 0.772957 
0.162903 0.750605 
0.746946 0.182344 
0.398303 0.572747 
0.98045 0.341909 
0.61611 0.885585 
0.810727 0.0200289 
0.0175754 0.313285 
0.255407 0.363331 
0.48611 0.905252 
0.247464 0.996692 
0.168494 0.809087 
0.602265 0.755716 
0.872616 0.0179687 
0.794439 0.748826 
0.280563 0.887964 
0.100581 0.156289 
0.950487 0.253731 
0.52025 0.763611 
0.157426 0.813402 
0.4114 0.445645 
0.982955 0.219747 
0.121391 0.83746 
0.200999 0.180121 
0.512971 0.35758 
0.161489 0.626798 
0.0239553 0.831342 
0.482678 0.534716 
0.711508 0.0221574 
0.0484439 0.962694 
0.381988 0.264708 
0.781485 0.602851 
0.234868 0.701497 
0.571549 0.44956 
0.18124 0.138424 
0.3037 0.833812 
0.784534 0.0545987 
0.587466 0.628278 
0.810678 0.997712 
0.134503 0.147014 
0.939398 0.0503768 
0.0335074 0.974292 
0.23121 0.968925 
0.026824 0.220851 
0.703981 0.892556 
0.969214 0.180042 
0.155337 0.208321 
0.029289 0.23831 
0.552331 0.984022 
0.486127 0.75925 
0.976015 0.821536 
0.285146 0.0932537 
0.655428 0.996172 
0.577356 0.886741 
0.304328 0.98422 
0.535585 0.321111 
0.782692 0.874146 
0.362498 0.155631 
0.862125 0.31574 
0.726494 0.185107 
0.799528 0.188776 
0.958912 0.575717 
0.191945 0.831187 
0.00535883 0.169646 
0.613879 0.616843 
0.521935 0.991992 
0.665319 0.645537 
0.387331 0.135774 
0.724131 0.0418574 
0.567342 0.00904173 
0.0242403 0.768301 
0.746995 0.321222 
0.276457 0.355688 
0.829953 0.794369 
0.242433 0.721067 
0.688433 0.196021 
0.196215 0.381248 
0.98635 0.814782 
0.540822 0.633877 
0.823474 0.453408 
0.369629 0.743064 
0.991664 0.416349 
0.016549 0.162842 
0.953892 0.46811 
0.788649 0.848918 
0.47482 0.783515 
0.854279 0.451295 
0.800785 0.623988 
0.568968 0.1799 
0.971776 0.365135 
0.418835 0.551614 
0.693776 0.0151687 
0.956701 0.608211 
0.758393 0.29923 
0.949971 0.81329 
0.802904 0.48794 
0.611795 0.364972 
0.895505 0.78197 
0.210045 0.562426 
0.602501 0.802659 
0.031372 0.0601131 
0.833309 0.766338 
0.896948 0.848126 
0.946815 0.987667 
0.677797 0.00566544 
0.861321 0.120619 
0.541405 0.605444 
0.108748 0.786901 
0.765377 0.0555969 
0.182938 0.49016 
0.0174403 0.988066 
0.876666 0.519191 
0.451544 0.0378205 
0.728643 0.476818 
0.0399084 0.28528 
0.218974 0.867655 
0.624534 0.115589 
0.402271 0.728754 
0.281271 0.321194 
0.556084 0.319765 
0.519716 0.32619 
0.615212 0.183005 
0.868595 0.596967 
0.662933 0.150923 
0.77834 0.243472 
0.112463 0.640209 
0.897877 0.159924 
0.393255 0.443583 
0.0414156 0.180892 
0.329924 0.873483 
0.772834 0.969112 
0.387185 0.86079 
0.158949 0.8014 
0.564375 0.541071 
0.3807 0.887811 
0.98654 0.379343 
0.398664 0.018804 
0.692397 0.473344 
0.564525 0.399578 
0.519521 0.319656 
0.256011 0.78259 
0.824097 0.897701 
0.146231 0.103206 
0.578371 0.108474 
0.319866 0.91337 
0.451702 0.691001 
0.196586 0.381546 
0.839766 0.824104 
0.234047 0.334937 
0.649343 0.303875 
0.619492 0.583183 
0.482892 0.646666 
0.349896 0.361434 
0.875197 0.0163321 
0.313704 0.104431 
0.806326 0.255126 
0.609054 0.103331 
0.776801 0.470104 
0.544282 0.33135 
0.576825 0.030238 
0.423677 0.268044 
0.0696739 0.953772 
0.109701 0.421142 
0.468578 0.640551 
0.822971 0.31216 
0.119403 0.648722 
0.690258 0.443677 
0.836917 0.534492 
0.762807 0.0264673 
0.74919 0.525127 
0.923231 0.981703 
0.515434 0.822839 
0.770169 0.491342 
0.568011 0.882674 
0.955137 0.0545349 
0.128494 0.372523 
0.688943 0.285757 
0.877374 0.832844 
0.554471 0.460415 
0.120156 0.0228144 
0.637241 0.669834 
0.594728 0.558664 
0.268049 0.194461 
0.0640219 0.000115707 
0.230444 0.128998 
0.312432 0.823395 
0.613378 0.624861 
0.683584 0.4706 
0.785434 0.836026 
0.323504 0.470262 
0.414605 0.724982 
0.752648 0.972307 
0.275837 0.737241 
0.622453 0.516944 
0.245406 0.757997 
0.0474073 0.57126 
0.71711 0.339005 
0.723303 0.889669 
0.647368 0.956514 
0.111614 0.399468 
0.262573 0.197266 
0.237136 0.402596 
0.828662 0.803185 
0.784856 0.427389 
0.0493558 0.797008 
0.102295 0.444961 
0.788974 0.0315597 
0.790038 0.422985 
0.282212 0.523019 
0.209923 0.890686 
0.749374 0.97783 
0.121063 0.624619 
0.974434 0.389997 
0.278984 0.566547 
0.736755 0.80973 
0.637104 0.260452 
0.862673 0.286193 
0.00233954 0.398456 
0.699274 0.265002 
0.367426 0.633034 
0.293959 0.16897 
0.268551 0.647529 
0.949851 0.772956 
0.842192 0.956654 
0.100994 0.59114 
0.795793 0.816899 
0.265932 0.547639 
0.712944 0.172683 
0.0334528 0.542196 
0.219855 0.320047 
0.278484 0.813259 
0.0287294 0.597973 
0.291052 0.766697 
0.664732 0.620365 
0.377139 0.173913 
0.015917 0.952799 
0.846584 0.972722 
0.173428 0.881869 
0.803554 0.465824 
0.488629 0.110338 
0.832879 0.890387 
0.297009 0.124677 
0.422647 0.044987 
0.762439 0.598553 
0.365642 0.0140647 
0.652001 0.89453 
0.337628 0.0895461 
0.611613 0.780939 
0.0119769 0.622325 
0.162238 0.230183 
0.289358 0.760967 
0.994315 0.220916 
0.979616 0.480591 
0.476008 0.262848 
0.786892 0.315433 
0.130285 0.572767 
0.974621 0.878469 
0.523479 0.0293989 
0.267251 0.362311 
0.35587 0.483526 
0.66099 0.110671 
0.735126 0.652006 
0.402141 0.825578 
0.685139 0.209164 
0.22123 0.318003 
0.371178 0.121672 
0.195087 0.482662 
0.057584 0.0102584 
0.773533 0.502912 
0.0259315 0.467424 
0.271346 0.745323 
0.0220108 0.62261 
0.609482 0.132383 
0.511225 0.504147 
0.28759 0.158856 
0.880839 0.261217 
0.162716 0.237348 
0.959127 0.00582359 
0.570806 0.561335 
0.355522 0.825344 
0.508452 0.643456 
0.830857 0.86135 
0.15771 0.833043 
0.425777 0.978595 
0.021903 0.406739 
0.546781 0.703237 
0.805036 0.905518 
0.817067 0.458073 
0.987332 0.611465 
0.722523 0.860109 
0.185406 0.742632 
0.0105763 0.610068 
0.815789 0.493151 
0.984408 0.275935 
0.193597 0.0865592 
0.956158 0.961329 
0.89501 0.604336 
0.329069 0.501669 
0.194046 0.773226 
0.718549 0.0359554 
0.988076 0.548849 
0.836047 0.611556 
0.699092 0.343599 
0.11516 0.101872 
0.567321 0.306713 
0.486449 0.0354078 
0.378857 0.435346 
0.361467 0.599598 
0.0179436 0.491212 
0.991525 0.342191 
0.49475 0.122825 
0.424506 0.102127 
0.751669 0.68357 
0.757472 0.0223823 
0.238525 0.747729 
0.395599 0.950116 
0.215209 0.226943 
0.698132 0.126704 
0.439232 0.185793 
0.658302 0.984739 
0.183602 0.53442 
0.0453066 0.247852 
0.0219737 0.669174 
0.776791 0.014795 
0.86529 0.81002 
0.879915 0.0417565 
0.889412 0.855682 
0.379321 0.745189 
0.636799 0.908711 
0.892247 0.00155019 
0.958556 0.749108 
0.129778 0.23565 
0.405893 0.860079 
0.284668 0.363466 
0.145429 0.394466 
0.143616 0.00714748 
0.37984 0.571034 
0.534643 0.444801 
0.421655 0.0263234 
0.283343 0.805375 
0.496965 0.225288 
0.23069 0.886347 
0.825013 0.955939 
0.543182 0.861393 
0.358318 0.296432 
0.995163 0.777207 
0.787526 0.876081 
0.0321387 0.603244 
0.270257 0.226305 
0.611194 0.864001 
0.118442 0.620391 
0.420414 0.563256 
0.607018 0.901781 
0.31687 0.761622 
0.537909 0.30836 
0.846427 0.442593 
0.798059 0.332143 
0.176211 0.972411 
0.677123 0.877295 
0.317665 0.754487 
0.361874 0.629065 
0.391619 0.15315 
0.654983 0.193505 
0.299475 0.0283847 
0.191719 0.33639 
0.148323 0.524884 
0.712279 0.89765 
0.990642 0.305405 
0.688338 0.347463 
0.341769 0.907212 
0.963059 0.979512 
0.172839 0.780404 
0.361157 0.707207 
0.10755 0.0172133 
0.213592 0.805175 
0.320583 0.372301 
0.10703 0.179308 
0.403806 0.85559 
0.264238 0.716624 
0.996618 0.559594 
0.498086 0.333392 
0.802596 0.0205063 
0.516948 0.758717 
0.724194 0.239447 
0.662013 0.87295 
0.110567 0.373615 
0.107177 0.069703 
0.635034 0.126416 
0.0990345 0.863019 
0.582886 0.569494 
0.661553 0.599798 
0.671929 0.00858651 
0.152282 0.499944 
0.0119114 0.281243 
0.0287319 0.841317 
0.278494 0.0894581 
0.240542 0.179803 
0.267729 0.325427 
0.945596 0.915568 
0.653818 0.91632 
0.165782 0.482591 
0.541793 0.569558 
0.834894 0.0237237 
0.517598 0.615644 
0.00386934 0.0207713 
0.899385 0.670488 
0.512811 0.866749 
0.663181 0.627266 
0.521338 0.756184 
0.368159 0.477673 
0.295416 0.124027 
0.463944 0.495831 
0.211624 0.771012 
0.29195 0.399779 
0.531296 0.0321323 
0.135175 0.446114 
0.552901 0.452246 
0.463497 0.186648 
0.514351 0.624173 
0.675561 0.549588 
0.349752 0.31334 
0.242972 0.981114 
0.373956 0.298525 
0.129785 0.215667 
0.207644 0.00996968 
0.437271 0.140692 
0.0398022 0.536781 
0.86483 0.818384 
0.480373 0.815998 
0.407341 0.841099 
0.289239 0.8166 
0.0209389 0.427926 
0.552078 0.76242 
0.999141 0.947366 
0.0334936 0.653278 
0.553356 0.820244 
0.814785 0.104161 
0.518707 0.0948484 
0.825019 0.468585 
0.807088 0.258732 
0.227429 0.575957 
0.0325401 0.0234326 
0.917704 0.0320982 
0.987538 0.648145 
0.663534 0.481369 
0.242967 0.386706 
0.713199 0.0514463 
0.950559 0.909134 
0.558061 0.570544 
0.284598 0.838984 
0.21802 0.074694 
0.390625 0.557503 
0.939303 0.901547 
0.882835 0.540045 
0.594198 0.971209 
0.334898 0.761675 
0.124765 0.396986 
0.0357069 0.0779863 
0.530122 0.0459721 
0.701736 0.486969 
0.0448622 0.241086 
0.146535 0.211655 
0.841522 0.121706 
0.365682 0.882314 
0.198648 0.191705 
0.863146 0.743153 
0.601013 0.727268 
0.151107 0.98315 
0.985288 0.944026 
0.430797 0.654091 
0.432208 0.173575 
0.0356916 0.935572 
0.977163 0.200928 
0.328429 0.986963 
0.0363627 0.840528 
0.950761 0.949444 
0.704197 0.500852 
0.958775 0.105882 
0.258447 0.427223 
0.641203 0.957071 
0.789409 0.606881 
0.0118931 0.648718 
0.653542 0.159849 
0.368254 0.993971 
0.397521 0.832062 
0.565932 0.285254 
0.755391 0.713379 
0.863187 0.426773 
0.280702 0.410688 
0.946455 0.714024 
0.67806 0.156387 
0.389469 0.246487 
0.53656 0.0115052 
0.894068 0.833908 
0.883819 0.457275 
0.701045 0.631331 
0.883458 0.136108 
0.950104 0.825412 
0.278525 0.851573 
0.218567 0.087051 
0.633716 0.550897 
0.0238767 0.969543 
0.899398 0.130957 
0.228911 0.759634 
0.230794 0.185769 
0.733224 0.994848 
0.959215 0.869255 
0.183975 0.789611 
0.140471 0.186937 
0.683997 0.465674 
0.635232 0.520399 
0.0541795 0.975449 
0.492204 0.49049 
0.0385247 0.0259957 
0.836969 0.0364947 
0.150397 0.130737 
0.333428 0.837794 
0.593815 0.557045 
0.500531 0.654091 
0.70284 0.85462 
0.102836 0.65549 
0.852917 0.20902 
0.688242 0.46809 
0.109294 0.611564 
0.950687 0.510149 
0.497722 0.887489 
0.135676 0.998778 
0.350779 0.497152 
