0.0850324 0.891611 
0.18969 0.398008 
0.743512 0.56039 
0.809567 0.511713 
0.995085 0.966611 
0.426051 0.652999 
0.961533 0.857987 
0.294026 0.414645 
0.514893 0.789785 
0.544273 0.0936299 
0.43226 0.844927 
0.772846 0.191859 
0.780367 0.181343 
0.579141 0.314131 
0.411985 0.992305 
0.163922 0.334848 
0.0762182 0.174524 
0.0372999 0.467415 
0.674113 0.0667033 
0.389782 0.165399 
0.990804 0.870639 
0.672653 0.587706 
0.255014 0.593045 
0.27172 0.270481 
0.0959302 0.632556 
0.151273 0.948862 
0.0426043 0.735089 
0.465497 0.22254 
0.571484 0.604569 
0.698002 0.664686 
0.173652 0.751495 
0.824917 0.753096 
0.319049 0.532551 
0.147554 0.792628 
0.912531 0.794381 
0.0094084 0.510053 
0.295594 0.559919 
0.504173 0.310016 
0.982579 0.964455 
0.448564 0.303514 
